21
26
16
20
12.2
17.2
2.430377957517315735e+04 3.854946444832956331e+04
2.811607262113310207e+04 5.179526757924641424e+04
3.252636229651946996e+04 6.959239984258663026e+04
3.762845040630736185e+04 9.350472238492731412e+04
4.783133946174141602e+04 1.368799724182790378e+05
7.159535321279887285e+04 2.325077119383412646e+05
1.081935946737148333e+05 4.130363656114705373e+05
2.207296089302321197e+05 9.131855017330952687e+05
4.668094566049725399e+05 1.933151625810978934e+06
8.601737808642669115e+05 3.562398237130041700e+06
1.486292500818251865e+06 6.155459714907916263e+06
2.480039139548146166e+06 1.027105387271257862e+07
4.053526276664212812e+06 1.678762314558216929e+07
6.539944907604157925e+06 2.708509666073406860e+07
1.048583348503020965e+07 4.342693248628439754e+07
1.674354000725941546e+07 6.934315079689152539e+07
2.666351746758432686e+07 1.104266446488906592e+08
4.238603033470052481e+07 1.755411581607870460e+08
6.729386931425824761e+07 2.786966869526291490e+08
1.067729558195408434e+08 4.421986942819171548e+08
1.693481477636134923e+08 7.013531397179090977e+08
2.685256247006675005e+08 1.112095713744838476e+09
4.257116422527228594e+08 1.763078879546956778e+09
6.748245980589007139e+08 2.794777323815807343e+09
1.069644590635219455e+09 4.429918016272532463e+09
1.695396963252089739e+09 7.021464368102491379e+09
2.430656369944168546e+04 6.110639577843273582e+04
2.811861575565302337e+04 8.209850207605761534e+04
3.252852035321723088e+04 1.103021043422651419e+05
3.763004002631032199e+04 1.481945944770179049e+05
4.783470561104712397e+04 2.169419673616806394e+05
7.159955839219648624e+04 3.685046198516572476e+05
1.081943795444327698e+05 6.546079938350816956e+05
2.207266372896535904e+05 1.447277295520236250e+06
4.668085828565678676e+05 3.063833086482748389e+06
8.601737808642669115e+05 5.646023486653049476e+06
1.486292500818251865e+06 9.755759164688259363e+06
2.480039139548146166e+06 1.627853114303106070e+07
4.053526276664212812e+06 2.660661073574284464e+07
6.539944907604157925e+06 4.292699472659206390e+07
1.048583348503020965e+07 6.882711938054418564e+07
1.674354000725941546e+07 1.099016074545409083e+08
2.666351746758432686e+07 1.750145291477356851e+08
4.238603033470052481e+07 2.782142009387276769e+08
6.729386931425824761e+07 4.417045627247493267e+08
1.067729558195408434e+08 7.008384435663862228e+08
1.693481477636134923e+08 1.111571003148367643e+09
2.685256247006675005e+08 1.762553858340498447e+09
4.257116422527228594e+08 2.794293851578704834e+09
6.748245980589007139e+08 4.429424349588814735e+09
1.069644590635219455e+09 7.020954386475524902e+09
1.695396963252089739e+09 1.112828293129313469e+10
2.431095799042695216e+04 9.687098326432691829e+04
2.812264503071872969e+04 1.301385436556862114e+05
3.253196208208833559e+04 1.748308933606100618e+05
3.763261086410623830e+04 2.348715485409036046e+05
4.784020715995998762e+04 3.438357920837911079e+05
7.160615943000146945e+04 5.840554732491866453e+05
1.081953330496863055e+05 1.037453668083583238e+06
2.207204624644326686e+05 2.293707025946177542e+06
4.668065225985710276e+05 4.855816676791414618e+06
8.601718573573231697e+05 8.948330517481472343e+06
1.486291429413117934e+06 1.546181848020937853e+07
2.480038147780984174e+06 2.579973682884801552e+07
4.053526219325878657e+06 4.216860607385035604e+07
6.539944907604157925e+06 6.803476055753543973e+07
1.048583348503020965e+07 1.090836339863469750e+08
1.674354000725941546e+07 1.741822875045966208e+08
2.666351746758432686e+07 2.773794350680239797e+08
4.238603033470052481e+07 4.409395050516124368e+08
6.729386931425824761e+07 7.000552299892654419e+08
1.067729558195408434e+08 1.110754017709336519e+09
1.693481477636134923e+08 1.761721144565971375e+09
2.685256247006675005e+08 2.793460560981594563e+09
4.257116422527228594e+08 4.428654477465099335e+09
6.748245980589007139e+08 7.020171340365966797e+09
1.069644590635219455e+09 1.112746213510367393e+10
1.695396963252089739e+09 1.763713819800971985e+10
2.431787378402948889e+04 1.535904428106771666e+05
2.812902856110437642e+04 2.063101916359686875e+05
3.253747654168134977e+04 2.771259356634350261e+05
3.763682693132069107e+04 3.722491051379790297e+05
4.784939656711831049e+04 5.449671686462537618e+05
7.161652314926995314e+04 9.256972880638085771e+05
1.081967345003627997e+05 1.644171212017576676e+06
2.207117778676208691e+05 3.635109750195573084e+06
4.668056488419767120e+05 7.695923608500203118e+06
8.601716538546776865e+05 1.418212968027422763e+07
1.486290517060674261e+06 2.450529199375773594e+07
2.480038147780984174e+06 4.088982902525996417e+07
4.053526219325878657e+06 6.683282567310368270e+07
6.539944907604157925e+06 1.078277719530427456e+08
1.048583348503020965e+07 1.728857124142315984e+08
1.674354000725941546e+07 2.760601154819814563e+08
2.666351746758432686e+07 4.396168807667605281e+08
4.238603033470052481e+07 6.988429061225776672e+08
6.729386931425824761e+07 1.109512051621223211e+09
1.067729558195408434e+08 1.760424468568473101e+09
1.693481477636134923e+08 2.792137823011911392e+09
2.685256247006675005e+08 4.427337739771959305e+09
4.257116422527228594e+08 7.018953107921499252e+09
6.748245980589007139e+08 1.112621445087252235e+10
1.069644590635219455e+09 1.763581881358891678e+10
1.695396963252089739e+09 2.795296004097812653e+10
2.432875557263394148e+04 2.435733040444712969e+05
2.813915342371201041e+04 3.271155156604328076e+05
3.254634019562705362e+04 4.393115288457668503e+05
3.764378565976621030e+04 5.899891938392334851e+05
4.786490105779946316e+04 8.637962140516608488e+05
7.163294224638897867e+04 1.467211236162476009e+06
1.081989923675283790e+05 2.605641430451913737e+06
2.206994293264216976e+05 5.760852926078740507e+06
4.668035885840659612e+05 1.219712642810268141e+07
8.601697303461749107e+05 2.247707332747764140e+07
1.486289445655152667e+06 3.883821371750904620e+07
2.480037156013067346e+06 6.480590221880815923e+07
4.053526161987478845e+06 1.059227941284435987e+08
6.539944907604157925e+06 1.708951887255029976e+08
1.048583348503020965e+07 2.740050771673959494e+08
1.674354000725941546e+07 4.375254035049152374e+08
2.666351746758432686e+07 6.967449440334761143e+08
4.238603033470052481e+07 1.107590328134201050e+09
6.729386931425824761e+07 1.758454773170848131e+09
1.067729558195408434e+08 2.790081716082406998e+09
1.693481477636134923e+08 4.425236172855408669e+09
2.685256247006675005e+08 7.016848847571264267e+09
4.257116422527228594e+08 1.112428048974426651e+10
6.748245980589007139e+08 1.763382810197727203e+10
1.069644590635219455e+09 2.795085885763439941e+10
1.695396963252089739e+09 4.430241541208296204e+10
2.434578381421662198e+04 3.864074704955703928e+05
2.815513852137067443e+04 5.187848398157118936e+05
3.256053825199382845e+04 6.965126985703544924e+05
3.765524543432208156e+04 9.351274401967690792e+05
4.789120270051184343e+04 1.369293663554166211e+06
7.165993430182176235e+04 2.325616166693927720e+06
1.082039579639613657e+05 4.129235875898846891e+06
2.206846347288689576e+05 9.129538903555309400e+06
4.668025584566817852e+05 1.933105272428363189e+07
8.601688703394201584e+05 3.562377900273434818e+07
1.486289445655152667e+06 6.155447061972857267e+07
2.480037156013067346e+06 1.027104565793439150e+08
4.053526161987478845e+06 1.678762267065057456e+08
6.539944907604157925e+06 2.708509666073406935e+08
1.048583348503020965e+07 4.342693248628439903e+08
1.674354000725941546e+07 6.934315079689124823e+08
2.666351746758432686e+07 1.104266446488902092e+09
4.238603033470052481e+07 1.755411581607870579e+09
6.729386931425824761e+07 2.786966869526291370e+09
1.067729558195408434e+08 4.421986942819171906e+09
1.693481477636134923e+08 7.013531397179091454e+09
2.685256247006675005e+08 1.112095713744838524e+10
4.257116422527228594e+08 1.763078879546956635e+10
6.748245980589007139e+08 2.794777323815807724e+10
1.069644590635219455e+09 4.429918016272531891e+10
1.695396963252089739e+09 7.021464368102490234e+10
2.437221945884988963e+04 6.133265085734640015e+05
2.818020044235162641e+04 8.230716189266791334e+05
3.258315059537013440e+04 1.104545263269739924e+06
3.767402949785305827e+04 1.482277131852232385e+06
4.793561321116919135e+04 2.171029749976704828e+06
7.170417477457413042e+04 3.686596045225904789e+06
1.082146930662135128e+05 6.543602119798533618e+06
2.206680048343122180e+05 1.446779720631377213e+07
4.668034322194429697e+05 3.063745928683215380e+07
8.601686668413620209e+05 5.645989919080211222e+07
1.486288374249938410e+06 9.755732078641426563e+07
2.480036164244405925e+06 1.627851161368272007e+08
4.053526104649013840e+06 2.660660960666678846e+08
6.539944907604157925e+06 4.292699472659206390e+08
1.048583348503020965e+07 6.882711938054432869e+08
1.674354000725941546e+07 1.099016074545409203e+09
2.666351746758432686e+07 1.750145291477356911e+09
4.238603033470052481e+07 2.782142009387276649e+09
6.729386931425824761e+07 4.417045627247493744e+09
1.067729558195408434e+08 7.008384435663861275e+09
1.693481477636134923e+08 1.111571003148367691e+10
2.685256247006675005e+08 1.762553858340498352e+10
4.257116422527228594e+08 2.794293851578704834e+10
6.748245980589007139e+08 4.429424349588814545e+10
1.069644590635219455e+09 7.020954386475524902e+10
1.695396963252089739e+09 1.112828293129313507e+11
2.441278585053104689e+04 9.742749590042359196e+05
2.821901776390329542e+04 1.306573045011766255e+06
3.261868466937654011e+04 1.752208764244656544e+06
3.770430985451313609e+04 2.349838430554896127e+06
4.800933219326259859e+04 3.443304458854898345e+06
7.177704585422590026e+04 5.845044383710784838e+06
1.082375478874022519e+05 1.036969676972293854e+07
2.206540556865266699e+05 2.292723974706348404e+07
4.668067708580712788e+05 4.855677001495736092e+07
8.601673998416009126e+05 8.948284146217912436e+07
1.486286549538416322e+06 1.546176771500025988e+08
2.480036164244405925e+06 2.579971619426041245e+08
4.053526104649013840e+06 4.216860488087698221e+08
6.539944907604157925e+06 6.803476055753529072e+08
1.048583348503020965e+07 1.090836339863469839e+09
1.674354000725941546e+07 1.741822875045966387e+09
2.666351746758432686e+07 2.773794350680240154e+09
4.238603033470052481e+07 4.409395050516123772e+09
6.729386931425824761e+07 7.000552299892624855e+09
1.067729558195408434e+08 1.110754017709336662e+10
1.693481477636134923e+08 1.761721144565971375e+10
2.685256247006675005e+08 2.793460560981594467e+10
4.257116422527228594e+08 4.428654477465099335e+10
6.748245980589007139e+08 7.020171340365966797e+10
1.069644590635219455e+09 1.112746213510367432e+11
1.695396963252089739e+09 1.763713819800979004e+11
2.447388449765543919e+04 1.549432645380431321e+06
2.827799870405307593e+04 2.075850333380455151e+06
3.267340788435249124e+04 2.781117733283412643e+06
3.775202035864920617e+04 3.725998797701323405e+06
4.812952317921313806e+04 5.464337407798091881e+06
7.189951559618090687e+04 9.270640919440131634e+06
1.082851140190810256e+05 1.643434600380480848e+07
2.206489684800878167e+05 3.633359348476799577e+07
4.668127305701507139e+05 7.695693629585047066e+07
8.601663363396078348e+05 1.418204200762024820e+08
1.486285478132149903e+06 2.450520891383115351e+08
2.480035172475015279e+06 4.088977996968502998e+08
4.053526047310474794e+06 6.683282283698756695e+08
6.539944907604157925e+06 1.078277719530427456e+09
1.048583348503020965e+07 1.728857124142316103e+09
1.674354000725941546e+07 2.760601154819814682e+09
2.666351746758432686e+07 4.396168807667605400e+09
4.238603033470052481e+07 6.988429061225805283e+09
6.729386931425824761e+07 1.109512051621223259e+10
1.067729558195408434e+08 1.760424468568473053e+10
1.693481477636134923e+08 2.792137823011911392e+10
2.685256247006675005e+08 4.427337739771958923e+10
4.257116422527228594e+08 7.018953107921527100e+10
6.748245980589007139e+08 1.112621445087256775e+11
1.069644590635219455e+09 1.763581881358891907e+11
1.695396963252089739e+09 2.795296004097812500e+11
2.456357415118826611e+04 2.468000805788333993e+06
2.836551107323937322e+04 3.301746833592924755e+06
3.275590976678548031e+04 4.417150969956323504e+06
3.782585203134350013e+04 5.909363641352897510e+06
4.832293664961247850e+04 8.679053288976080716e+06
7.210404397971148137e+04 1.471371308978762664e+07
1.083786219139015011e+05 2.605197203079022467e+07
2.206589195672068745e+05 5.758032614259270579e+07
4.668324711812473834e+05 1.219683300193182230e+08
8.602090389225357212e+05 2.247699702946503460e+08
1.486291705551737221e+06 3.883827277099821568e+08
2.480034180704885162e+06 6.480582447094147205e+08
4.053525989971878473e+06 1.059227896334976554e+09
6.539944907604157925e+06 1.708951887255030155e+09
1.048583348503020965e+07 2.740050771673959255e+09
1.674354000725941546e+07 4.375254035049152374e+09
2.666351746758432686e+07 6.967449440334760666e+09
4.238603033470052481e+07 1.107590328134201050e+10
6.729386931425824761e+07 1.758454773170848083e+10
1.067729558195408434e+08 2.790081716082406998e+10
1.693481477636134923e+08 4.425236172855408478e+10
2.685256247006675005e+08 7.016848847571264648e+10
4.257116422527228594e+08 1.112428048974426575e+11
6.748245980589007139e+08 1.763382810197727051e+11
1.069644590635219455e+09 2.795085885763439941e+11
1.695396963252089739e+09 4.430241541208295898e+11
2.469071929062783602e+04 3.939086371358036529e+06
2.849120811574799154e+04 5.259153257696903311e+06
3.287668254375197284e+04 7.021601046642806381e+06
3.793718576943071093e+04 9.374680455653017387e+06
4.862787595932988188e+04 1.380406833496447466e+07
7.244111199388503155e+04 2.338220225086477771e+07
1.085495466190860316e+05 4.131831806236656755e+07
2.206971486491861288e+05 9.125661161581321061e+07
4.668550707072880468e+05 1.933061029904421866e+08
8.602219828789733583e+05 3.562351710577633977e+08
1.486287738050265005e+06 6.155439989939980507e+08
2.480032197162385564e+06 1.027102512093509197e+09
4.053525875294489320e+06 1.678762148331699133e+09
6.539944907604157925e+06 2.708509666073406696e+09
1.048583348503020965e+07 4.342693248628421783e+09
1.674354000725941546e+07 6.934315079689124107e+09
2.666351746758432686e+07 1.104266446488906670e+10
4.238603033470052481e+07 1.755411581607870483e+10
6.729386931425824761e+07 2.786966869526291656e+10
1.067729558195408434e+08 4.421986942819171143e+10
1.693481477636134923e+08 7.013531397179090881e+10
2.685256247006675005e+08 1.112095713744838409e+11
4.257116422527228594e+08 1.763078879546956787e+11
6.748245980589007139e+08 2.794777323815807495e+11
1.069644590635219455e+09 4.429918016272532349e+11
1.695396963252089739e+09 7.021464368102491455e+11
2.486330180521175498e+04 6.301830279675100930e+06
2.866488946074191699e+04 8.390816089006613940e+06
3.304773815778232529e+04 1.117227718217165396e+07
3.810072244796551968e+04 1.487576132181089185e+07
4.909947725330650428e+04 2.200082227753696591e+07
7.298778783968358766e+04 3.723283349537439644e+07
1.088432019001529989e+05 6.558326286741378158e+07
2.207791285045994737e+05 1.446417423449939191e+08
4.668933703158466378e+05 3.063699343246812820e+08
8.602460127614006633e+05 5.645962873356173038e+08
1.486292659872596618e+06 9.755760208692122698e+08
2.480040131314584054e+06 1.627853765280406713e+09
4.053526334002489690e+06 2.660661111210066795e+09
6.539944907604157925e+06 4.292699472659205914e+09
1.048583348503020965e+07 6.882711938054432869e+09
1.674354000725941546e+07 1.099016074545409012e+10
2.666351746758432686e+07 1.750145291477356720e+10
4.238603033470052481e+07 2.782142009387276459e+10
6.729386931425824761e+07 4.417045627247492981e+10
1.067729558195408434e+08 7.008384435663861084e+10
1.693481477636134923e+08 1.111571003148367615e+11
2.685256247006675005e+08 1.762553858340498352e+11
4.257116422527228594e+08 2.794293851578704834e+11
6.748245980589007139e+08 4.429424349588796387e+11
1.069644590635219455e+09 7.020954386475524902e+11
1.695396963252089739e+09 1.112828293129313477e+12
2.508630389139661202e+04 1.010618111735754460e+07
2.889489724714502518e+04 1.340941431902392581e+07
3.328170983408219763e+04 1.779231841297734901e+07
3.833452668150560203e+04 2.360778681136426702e+07
4.980951200679230533e+04 3.517016888465354592e+07
7.383670103588422353e+04 5.950343293627999723e+07
1.093100805814446649e+05 1.042189078329724818e+08
2.209283503707501804e+05 2.292857559061933756e+08
4.669525197077249759e+05 4.855616592292647958e+08
8.603035533335608197e+05 8.948263164928733110e+08
1.486384164265392814e+06 1.546182224114137173e+09
2.480035411410857923e+06 2.579970836258753777e+09
4.053515757990652695e+06 4.216849724550101757e+09
6.539941549940323457e+06 6.803472562781178474e+09
1.048583348503020965e+07 1.090836339863469887e+10
1.674354000725941546e+07 1.741822875045966339e+10
2.666351746758432686e+07 2.773794350680239868e+10
4.238603033470052481e+07 4.409395050516142273e+10
6.729386931425824761e+07 7.000552299892625427e+10
1.067729558195408434e+08 1.110754017709336548e+11
1.693481477636134923e+08 1.761721144565971375e+11
2.685256247006675005e+08 2.793460560981583252e+11
4.257116422527228594e+08 4.428654477465099487e+11
6.748245980589007139e+08 7.020171340365937500e+11
1.069644590635219455e+09 1.112746213510372070e+12
1.695396963252089739e+09 1.763713819800971924e+12
2.536027036925125503e+04 1.624076391679453477e+07
2.918693698570840570e+04 2.145840052368687466e+07
3.359101769043427339e+04 2.835229644332201034e+07
3.865963975704529003e+04 3.746098003542590141e+07
5.084204068113042013e+04 5.645297151053017378e+07
7.505861186901808833e+04 9.554009050899872184e+07
1.099972773513005232e+05 1.658481199941413999e+08
2.211755632532147574e+05 3.635280031499331594e+08
4.670475874256062671e+05 7.695638266370699406e+08
8.603694666895063128e+05 1.418199019486289501e+09
1.486425849303043913e+06 2.450523117716825962e+09
2.480040131314584054e+06 4.088986172891548634e+09
4.053526334002489690e+06 6.683282756384204865e+09
6.539944907604157925e+06 1.078277719530427361e+10
1.048583348503020965e+07 1.728857124142316055e+10
1.674354000725941546e+07 2.760601154819814682e+10
2.666351746758432686e+07 4.396168807667604828e+10
4.238603033470052481e+07 6.988429061225834656e+10
6.729386931425824761e+07 1.109512051621223297e+11
1.067729558195408434e+08 1.760424468568473206e+11
1.693481477636134923e+08 2.792137823011911621e+11
2.685256247006675005e+08 4.427337739771940918e+11
4.257116422527228594e+08 7.018953107921499023e+11
6.748245980589007139e+08 1.112621445087252197e+12
1.069644590635219455e+09 1.763581881358891846e+12
1.695396963252089739e+09 2.795296004097812988e+12
2.568187211047646269e+04 2.613487329685894027e+07
2.954428630203147623e+04 3.436483062041995674e+07
3.398758662692409416e+04 4.518642849942909926e+07
3.909913520717670326e+04 5.941578304537728429e+07
5.227766048312225030e+04 9.107855094705031812e+07
7.668548637701116968e+04 1.540481277931334376e+08
1.109358643407495256e+05 2.642933817850830555e+08
2.215699838549058477e+05 5.765101089595676661e+08
4.671988527940576314e+05 1.219677846441954613e+09
8.604771462999252835e+05 2.247693464175562859e+09
1.486523149967530742e+06 3.883817480633427143e+09
2.480208720844057389e+06 6.480594198791393280e+09
4.053536080565107986e+06 1.059227964276681709e+10
6.539944907604157925e+06 1.708951887255030060e+10
1.048583884125165083e+07 2.740052171307721710e+10
1.674354776388688199e+07 4.375256061938621521e+10
2.666351746758432686e+07 6.967449440334761047e+10
4.238603033470052481e+07 1.107590328134201202e+11
6.729386931425824761e+07 1.758454773170841064e+11
1.067729558195408434e+08 2.790081716082406616e+11
1.693481477636134923e+08 4.425236172855408936e+11
2.685256247006675005e+08 7.016848847571264648e+11
4.257116422527228594e+08 1.112428048974426514e+12
6.748245980589007139e+08 1.763382810197727051e+12
1.069644590635219455e+09 2.795085885763439941e+12
1.695396963252089739e+09 4.430241541208295898e+12
2.604571488111208964e+04 4.207633520399861783e+07
2.996872083662640216e+04 5.503651899714318663e+07
3.448261000641407009e+04 7.198864655482290685e+07
3.967638122883258620e+04 9.416230036394923925e+07
5.416589202695974382e+04 1.477727980173504949e+08
7.868756048909282254e+04 2.492139958413062096e+08
1.121329518389572913e+05 4.216238119827994704e+08
2.221780981790341029e+05 9.145833807489583492e+08
4.674364970778879360e+05 1.933060701266790152e+09
8.606466327824485488e+05 3.562342166713722229e+09
1.486648881082898472e+06 6.155439540014719009e+09
2.480293007583705243e+06 1.027102753586321259e+10
4.053540953142852522e+06 1.678762162293458939e+10
6.539944907604157925e+06 2.708509666073406982e+10
1.048583348503020965e+07 4.342693248628422546e+10
1.674354000725941546e+07 6.934315079689125061e+10
2.666351746758432686e+07 1.104266446488902130e+11
4.238603033470052481e+07 1.755411581607870483e+11
6.729386931425824761e+07 2.786966869526291504e+11
1.067729558195408434e+08 4.421986942819171753e+11
1.693481477636134923e+08 7.013531397179091797e+11
2.685256247006675005e+08 1.112095713744838379e+12
4.257116422527228594e+08 1.763078879546956787e+12
6.748245980589007139e+08 2.794777323815818848e+12
1.069644590635219455e+09 4.429918016272496094e+12
1.695396963252089739e+09 7.021464368102491211e+12
2.644643948864396589e+04 6.771310069210693240e+07
3.046144765033684234e+04 8.808852893590959907e+07
3.508600064491289231e+04 1.145950909171272069e+08
4.041263748806805961e+04 1.490776951430208683e+08
5.649163077392107516e+04 2.409939861785854399e+08
8.097021849394612946e+04 4.037783059804178476e+08
1.135766942978699080e+05 6.728620294051526785e+08
2.230920961622668256e+05 1.451568819026239395e+09
4.678116607664413168e+05 3.063695244515592575e+09
8.609144006514316425e+05 5.645920919916768074e+09
1.486847101026554592e+06 9.755706122854761124e+09
2.480459419176345691e+06 1.627849713995175743e+10
4.053859638557932805e+06 2.660664807797228622e+10
6.540045628276400268e+06 4.292698926169297791e+10
1.048583348503020965e+07 6.882711938054432678e+10
1.674354000725941546e+07 1.099016074545409088e+11
2.666351746758432686e+07 1.750145291477356873e+11
4.238603033470052481e+07 2.782142009387276611e+11
6.729386931425824761e+07 4.417045627247511597e+11
1.067729558195408434e+08 7.008384435663862305e+11
1.693481477636134923e+08 1.111571003148372070e+12
2.685256247006675005e+08 1.762553858340498535e+12
4.257116422527228594e+08 2.794293851578705078e+12
6.748245980589007139e+08 4.429424349588814453e+12
1.069644590635219455e+09 7.020954386475525391e+12
1.695396963252089739e+09 1.112828293129313477e+13
2.687969394084711894e+04 1.088484324301242530e+08
3.102319362493948211e+04 1.408382787372344434e+08
3.580541299348426401e+04 1.822297328020820618e+08
4.140332143651056685e+04 2.363195462253287435e+08
5.915659460472555656e+04 3.942979056710701585e+08
8.341190196199987258e+04 6.537079517955542803e+08
1.152605080673242919e+05 1.073294367243439555e+09
2.244230039336611517e+05 2.305111451653212070e+09
4.684001884017827106e+05 4.855639159303384781e+09
8.613381243368571158e+05 8.948159014614505768e+09
1.487163372064064257e+06 1.546174558136898041e+10
2.480692384870285168e+06 2.579965924281040955e+10
4.054048217238551006e+06 4.216871274420238495e+10
6.540095000513283536e+06 6.803467146593927002e+10
1.048582771115547419e+07 1.090835739211010590e+11
1.674354000725941546e+07 1.741822875045966187e+11
2.666351746758432686e+07 2.773794350680251465e+11
4.238603033470052481e+07 4.409395050516124268e+11
6.729386931425824761e+07 7.000552299892625732e+11
1.067729558195408434e+08 1.110754017709336670e+12
1.693481477636134923e+08 1.761721144565971436e+12
2.685256247006675005e+08 2.793460560981583008e+12
4.257116422527228594e+08 4.428654477465099609e+12
6.748245980589007139e+08 7.020171340365966797e+12
1.069644590635219455e+09 1.112746213510362891e+13
1.695396963252089739e+09 1.763713819800978906e+13
2.734222149717183493e+04 1.747131186290616691e+08
3.165393986619853240e+04 2.249071544333452284e+08
3.664559257398132468e+04 2.895216370254341364e+08
4.401736025540093397e+04 3.905870918680517077e+08
6.199381902602631453e+04 6.451539912337006330e+08
8.591275370310581638e+04 1.055275387702795506e+09
1.172054214896317280e+05 1.709793555445087433e+09
2.262933937129506667e+05 3.662739297749258518e+09
4.693183421463635750e+05 7.695704428590891838e+09
8.620026287293076748e+05 1.418175776414961052e+10
1.487652840129177086e+06 2.450499047737400436e+10
2.481068741774773225e+06 4.088965949258883667e+10
4.054348048981639557e+06 6.683307050131815338e+10
6.540616596524438821e+06 1.078277373750964661e+11
1.048615637700658105e+07 1.728857129795633545e+11
1.674354776388688199e+07 2.760602433703502808e+11
2.666351746758432686e+07 4.396168807667604980e+11
4.238603033470052481e+07 6.988429061225805664e+11
6.729386931425824761e+07 1.109512051621227783e+12
1.067729558195408434e+08 1.760424468568473145e+12
1.693481477636134923e+08 2.792137823011911621e+12
2.685256247006675005e+08 4.427337739771941406e+12
4.257116422527228594e+08 7.018953107921499023e+12
6.748245980589007139e+08 1.112621445087256836e+13
1.069644590635219455e+09 1.763581881358906250e+13
1.695396963252089739e+09 2.795296004097812891e+13
2.783119019842524722e+04 2.799797577817553878e+08
3.235214491728317807e+04 3.587512901166555285e+08
3.760749264715666504e+04 4.596849757284581065e+08
4.676048982667979726e+04 6.456189995231802464e+08
6.482263895091866289e+04 1.051698017569704056e+09
8.843499125943735999e+04 1.696192668889081717e+09
1.194697968657020683e+05 2.718959847094406128e+09
2.288172441500228015e+05 5.822882968565758705e+09
4.707381519555310952e+05 1.219693445824210167e+10
8.630474907784105744e+05 2.247636765425221634e+10
1.488436449831658043e+06 3.883761866554468536e+10
2.481658687905776314e+06 6.480558816593162537e+10
4.054814609186769929e+06 1.059235960769574280e+11
6.541003812067355029e+06 1.708955707043210754e+11
1.048633574444680847e+07 2.740051660934110718e+11
1.674353665686272271e+07 4.375253159554756470e+11
2.666350815878718346e+07 6.967447007850137939e+11
4.238603033470052481e+07 1.107590328134201172e+12
6.729386931425824761e+07 1.758454773170848145e+12
1.067729558195408434e+08 2.790081716082406738e+12
1.693481477636134923e+08 4.425236172855409180e+12
2.685256247006675005e+08 7.016848847571264648e+12
4.257116422527228594e+08 1.112428048974426562e+13
6.748245980589007139e+08 1.763382810197726953e+13
1.069644590635219455e+09 2.795085885763439844e+13
1.695396963252089739e+09 4.430241541208296094e+13
2.834358083629774410e+04 4.480118644447979927e+08
3.311435056608750892e+04 5.717836168325916529e+08
3.868813258801266784e+04 7.297496571509740353e+08
4.948619928771707055e+04 1.063350134637899399e+09
6.751065508397553640e+04 1.702610450956075668e+09
9.100976477032044204e+04 2.712983643612073421e+09
1.221518977867754293e+05 4.315227109283925056e+09
2.320837387363935122e+05 9.258783839132280350e+09
4.729074200886562467e+05 1.933103450167444992e+10
8.646787759464611299e+05 3.562199589921477509e+10
1.489669936974646989e+06 6.155296115781652832e+10
2.482587209328533150e+06 1.027093706000362549e+11
4.055537292049014010e+06 1.678776076442235413e+11
6.541606676376892254e+06 2.708509392512780151e+11
1.048717611526582763e+07 4.342693889193599854e+11
1.674433552533305250e+07 6.934317100699726562e+11
2.666350815878718346e+07 1.104266060966617188e+12
4.238603033470052481e+07 1.755411581607877686e+12
6.729386931425824761e+07 2.786966869526291504e+12
1.067729558195408434e+08 4.421986942819189453e+12
1.693481477636134923e+08 7.013531397179091797e+12
2.685256247006675005e+08 1.112095713744838477e+13
4.257116422527228594e+08 1.763078879546956641e+13
6.748245980589007139e+08 2.794777323815807422e+13
1.069644590635219455e+09 4.429918016272532031e+13
1.695396963252089739e+09 7.021464368102490625e+13
