1.370053000000000000e+12 3.511108999999999651e+04
8.450180000000000000e+12 1.127716999999999971e+05
1.630419000000000000e+13 2.402080000000000000e+05
3.095379000000000000e+13 5.367290000000000000e+05
4.077917000000000000e+13 9.607360000000000000e+05
5.768500000000000000e+13 1.709131000000000000e+06
8.771460000000000000e+13 3.039580000000000466e+06
1.411061000000000000e+14 5.405220000000000000e+06
2.360500000000000000e+14 9.612000000000000000e+06
4.048870000000000000e+14 1.709281000000000000e+07
7.051260000000000000e+14 3.039580000000000000e+07
1.239035000000000000e+15 5.405220000000000000e+07
2.188470000000000000e+15 9.612000000000000000e+07
3.876840000000000000e+15 1.709281000000000000e+08
6.879240000000000000e+15 3.039580000000000000e+08
1.221832000000000000e+16 5.405220000000000000e+08
2.171270000000000000e+16 9.612000000000000000e+08
3.859640000000000000e+16 1.709281000000000000e+09
6.862030000000000000e+16 3.039580000000000000e+09
1.220111000000000000e+17 5.405220000000000000e+09
2.169550000000000000e+17 9.612000000000000000e+09
1.369524000000000000e+12 5.564323999999999796e+04
8.449460000000000000e+12 1.787147999999999884e+05
1.630311000000000000e+13 3.806800000000000000e+05
3.095441000000000000e+13 8.506510000000000000e+05
4.077938000000000000e+13 1.522660000000000000e+06
5.768510000000000000e+13 2.708790000000000000e+06
8.771460000000000000e+13 4.817410000000000000e+06
1.411061000000000000e+14 8.566710000000000000e+06
2.360500000000000000e+14 1.523400000000000000e+07
4.048870000000000000e+14 2.709030000000000000e+07
7.051260000000000000e+14 4.817410000000000000e+07
1.239035000000000000e+15 8.566710000000000000e+07
2.188470000000000000e+15 1.523400000000000000e+08
3.876840000000000000e+15 2.709029999999999404e+08
6.879240000000000000e+15 4.817410000000000000e+08
1.221832000000000000e+16 8.566710000000000000e+08
2.171270000000000000e+16 1.523400000000000000e+09
3.859640000000000000e+16 2.709030000000000000e+09
6.862030000000000000e+16 4.817410000000000000e+09
1.220111000000000000e+17 8.566710000000000000e+09
2.169550000000000000e+17 1.523400000000000000e+10
1.368690000000000000e+12 8.817823000000001048e+04
8.448270000000000000e+12 2.832020000000000000e+05
1.630142000000000000e+13 6.032810000000000000e+05
3.095551000000000000e+13 1.348169000000000000e+06
4.077984000000000000e+13 2.413248000000000000e+06
5.768530000000000000e+13 4.293130000000000000e+06
8.771480000000000000e+13 7.635090000000000000e+06
1.411062000000000000e+14 1.357731000000000000e+07
2.360501000000000000e+14 2.414428000000000000e+07
4.048870000000000000e+14 4.293520000000000000e+07
7.051260000000000000e+14 7.635090000000000000e+07
1.239035000000000000e+15 1.357730999999999702e+08
2.188470000000000000e+15 2.414428000000000000e+08
3.876840000000000000e+15 4.293520000000000000e+08
6.879240000000000000e+15 7.635090000000000000e+08
1.221832000000000000e+16 1.357731000000000000e+09
2.171270000000000000e+16 2.414428000000000000e+09
3.859640000000000000e+16 4.293520000000000000e+09
6.862030000000000000e+16 7.635090000000000000e+09
1.220111000000000000e+17 1.357731000000000000e+10
2.169550000000000000e+17 2.414428000000000000e+10
1.367380000000000000e+12 1.397278999999999942e+05
8.446250000000000000e+12 4.487430000000000000e+05
1.629878000000000000e+13 9.559900000000000000e+05
3.095727000000000000e+13 2.136646000000000000e+06
4.078046000000000000e+13 3.824720000000000000e+06
5.768540000000000000e+13 6.804140000000000000e+06
8.771480000000000000e+13 1.210079000000000000e+07
1.411063000000000000e+14 2.151856000000000000e+07
2.360501000000000000e+14 3.826610000000000000e+07
4.048870000000000000e+14 6.804780000000000000e+07
7.051260000000000000e+14 1.210079000000000000e+08
1.239035000000000000e+15 2.151856000000000000e+08
2.188470000000000000e+15 3.826610000000000000e+08
3.876840000000000000e+15 6.804780000000000000e+08
6.879240000000000000e+15 1.210079000000000000e+09
1.221832000000000000e+16 2.151856000000000000e+09
2.171270000000000000e+16 3.826610000000000000e+09
3.859640000000000000e+16 6.804780000000000000e+09
6.862030000000000000e+16 1.210079000000000000e+10
1.220111000000000000e+17 2.151856000000000000e+10
2.169550000000000000e+17 3.826610000000000000e+10
1.365324000000000000e+12 2.213896999999999825e+05
8.442790000000000000e+12 7.109520000000000000e+05
1.629462000000000000e+13 1.514776000000000000e+06
3.096002000000000000e+13 3.386230000000000000e+06
4.078131000000000000e+13 6.061700000000000000e+06
5.768560000000000000e+13 1.078380000000000000e+07
8.771500000000000000e+13 1.917842000000000000e+07
1.411064000000000000e+14 3.410460000000000000e+07
2.360502000000000000e+14 6.064760000000000000e+07
4.048870000000000000e+14 1.078484000000000000e+08
7.051260000000000000e+14 1.917842000000000000e+08
1.239035000000000000e+15 3.410460000000000000e+08
2.188470000000000000e+15 6.064760000000000000e+08
3.876840000000000000e+15 1.078484000000000000e+09
6.879240000000000000e+15 1.917842000000000000e+09
1.221832000000000000e+16 3.410460000000000000e+09
2.171270000000000000e+16 6.064760000000000000e+09
3.859640000000000000e+16 1.078484000000000000e+10
6.862030000000000000e+16 1.917842000000000000e+10
1.220111000000000000e+17 3.410460000000000000e+10
2.169550000000000000e+17 6.064760000000000000e+10
1.362117000000000000e+12 3.507210999999999767e+05
8.436880000000000000e+12 1.126135000000000000e+06
1.628780000000000000e+13 2.399840000000000000e+06
3.096393000000000000e+13 5.366470000000000000e+06
4.078225000000000000e+13 9.607000000000000000e+06
5.768570000000000000e+13 1.709111000000000000e+07
8.771510000000000000e+13 3.039580000000000000e+07
1.411064000000000000e+14 5.405220000000000000e+07
2.360502000000000000e+14 9.612000000000000000e+07
4.048870000000000000e+14 1.709281000000000000e+08
7.051260000000000000e+14 3.039580000000000000e+08
1.239035000000000000e+15 5.405220000000000000e+08
2.188470000000000000e+15 9.612000000000000000e+08
3.876840000000000000e+15 1.709281000000000000e+09
6.879240000000000000e+15 3.039580000000000000e+09
1.221832000000000000e+16 5.405220000000000000e+09
2.171270000000000000e+16 9.612000000000000000e+09
3.859640000000000000e+16 1.709281000000000000e+10
6.862030000000000000e+16 3.039580000000000000e+10
1.220111000000000000e+17 5.405220000000000000e+10
2.169550000000000000e+17 9.612000000000000000e+10
1.357159000000000000e+12 5.554705000000000000e+05
8.426840000000000000e+12 1.783180000000000000e+06
1.627665000000000000e+13 3.801220000000000000e+06
3.096908000000000000e+13 8.504450000000000000e+06
4.078321000000000000e+13 1.522570000000000000e+07
5.768560000000000000e+13 2.708730000000000000e+07
8.771510000000000000e+13 4.817410000000000000e+07
1.411065000000000000e+14 8.566710000000000000e+07
2.360503000000000000e+14 1.523400000000000000e+08
4.048870000000000000e+14 2.709029999999999404e+08
7.051260000000000000e+14 4.817410000000000000e+08
1.239035000000000000e+15 8.566710000000000000e+08
2.188470000000000000e+15 1.523400000000000000e+09
3.876840000000000000e+15 2.709030000000000000e+09
6.879240000000000000e+15 4.817410000000000000e+09
1.221832000000000000e+16 8.566710000000000000e+09
2.171270000000000000e+16 1.523400000000000000e+10
3.859640000000000000e+16 2.709030000000000000e+10
6.862030000000000000e+16 4.817410000000000000e+10
1.220111000000000000e+17 8.566710000000000000e+10
2.169550000000000000e+17 1.523400000000000000e+11
1.349590000000000000e+12 8.794313000000000466e+05
8.410160000000000000e+12 2.822090000000000000e+06
1.625829000000000000e+13 6.018850000000000000e+06
3.097509000000000000e+13 1.347653000000000000e+07
4.078380000000000000e+13 2.413008000000000000e+07
5.768520000000000000e+13 4.292970000000000000e+07
8.771520000000000000e+13 7.635090000000000000e+07
1.411067000000000000e+14 1.357730999999999702e+08
2.360503000000000000e+14 2.414428000000000000e+08
4.048870000000000000e+14 4.293520000000000000e+08
7.051260000000000000e+14 7.635090000000000000e+08
1.239035000000000000e+15 1.357731000000000000e+09
2.188470000000000000e+15 2.414428000000000000e+09
3.876840000000000000e+15 4.293520000000000000e+09
6.879240000000000000e+15 7.635090000000000000e+09
1.221832000000000000e+16 1.357731000000000000e+10
2.171270000000000000e+16 2.414428000000000000e+10
3.859640000000000000e+16 4.293520000000000000e+10
6.862030000000000000e+16 7.635090000000001526e+10
1.220111000000000000e+17 1.357731000000000305e+11
2.169550000000000000e+17 2.414428000000000000e+11
1.338267000000000000e+12 1.391614000000000000e+06
8.383190000000000000e+12 4.462950000000000000e+06
1.622734000000000000e+13 9.525160000000000000e+06
3.098087000000000000e+13 2.135356000000000000e+07
4.078356000000000000e+13 3.824130000000000000e+07
5.768450000000000000e+13 6.803750000000000000e+07
8.771530000000000000e+13 1.210079000000000000e+08
1.411068000000000000e+14 2.151856000000000000e+08
2.360504000000000000e+14 3.826610000000000000e+08
4.048870000000000000e+14 6.804780000000000000e+08
7.051260000000000000e+14 1.210079000000000000e+09
1.239035000000000000e+15 2.151856000000000000e+09
2.188470000000000000e+15 3.826610000000000000e+09
3.876840000000000000e+15 6.804780000000000000e+09
6.879240000000000000e+15 1.210079000000000000e+10
1.221832000000000000e+16 2.151856000000000000e+10
2.171270000000000000e+16 3.826610000000000000e+10
3.859640000000000000e+16 6.804780000000001526e+10
6.862030000000000000e+16 1.210079000000000000e+11
1.220111000000000000e+17 2.151856000000000000e+11
2.169550000000000000e+17 3.826610000000000000e+11
1.321810000000000000e+12 2.200517000000000000e+06
8.340290000000000000e+12 7.048980000000000000e+06
1.617550000000000000e+13 1.506175000000000000e+07
3.098377000000000000e+13 3.382980000000000000e+07
4.078223000000000000e+13 6.060240000000000000e+07
5.768310000000000000e+13 1.078282000000000000e+08
8.771050000000000000e+13 1.917712000000000000e+08
1.411061000000000000e+14 3.410460000000000000e+08
2.360505000000000000e+14 6.064760000000000000e+08
4.048870000000000000e+14 1.078484000000000000e+09
7.051260000000000000e+14 1.917842000000000000e+09
1.239035000000000000e+15 3.410460000000000000e+09
2.188470000000000000e+15 6.064760000000000000e+09
3.876840000000000000e+15 1.078484000000000000e+10
6.879240000000000000e+15 1.917842000000000000e+10
1.221832000000000000e+16 3.410460000000000000e+10
2.171270000000000000e+16 6.064760000000000000e+10
3.859640000000000000e+16 1.078484000000000000e+11
6.862030000000000000e+16 1.917842000000000000e+11
1.220111000000000000e+17 3.410460000000000000e+11
2.169550000000000000e+17 6.064760000000000000e+11
1.298819000000000000e+12 3.476470000000000000e+06
8.273760000000000000e+12 1.111289000000000000e+07
1.608991000000000000e+13 2.378950000000000000e+07
3.098008000000000000e+13 5.358340000000000000e+07
4.077900000000000000e+13 9.603320000000000000e+07
5.768080000000000000e+13 1.708861000000000000e+08
8.770890000000000000e+13 3.039290000000000000e+08
1.411065000000000000e+14 5.405220000000000000e+08
2.360507000000000000e+14 9.612000000000000000e+08
4.048870000000000000e+14 1.709281000000000000e+09
7.051260000000000000e+14 3.039580000000000000e+09
1.239035000000000000e+15 5.405220000000000000e+09
2.188470000000000000e+15 9.612000000000000000e+09
3.876840000000000000e+15 1.709281000000000000e+10
6.879240000000000000e+15 3.039580000000000000e+10
1.221832000000000000e+16 5.405220000000000000e+10
2.171270000000000000e+16 9.612000000000000000e+10
3.859640000000000000e+16 1.709281000000000000e+11
6.862030000000000000e+16 3.039580000000000000e+11
1.220111000000000000e+17 5.405220000000000000e+11
2.169550000000000000e+17 9.612000000000000000e+11
1.268288000000000000e+12 5.486539000000000000e+06
8.173180000000000000e+12 1.747235000000000000e+07
1.595130000000000000e+13 3.750770000000000000e+07
3.096444000000000000e+13 8.484110000000000000e+07
4.077304000000000000e+13 1.521650000000000000e+08
5.767690000000000000e+13 2.708109999999999404e+08
8.770620000000000000e+13 4.816780000000000000e+08
1.411061000000000000e+14 8.566710000000000000e+08
2.360499000000000000e+14 1.523400000000000000e+09
4.048870000000000000e+14 2.709030000000000000e+09
7.051260000000000000e+14 4.817410000000000000e+09
1.239035000000000000e+15 8.566710000000000000e+09
2.188470000000000000e+15 1.523400000000000000e+10
3.876840000000000000e+15 2.709030000000000000e+10
6.879240000000000000e+15 4.817410000000000000e+10
1.221832000000000000e+16 8.566710000000000000e+10
2.171270000000000000e+16 1.523400000000000000e+11
3.859640000000000000e+16 2.709030000000000000e+11
6.862030000000000000e+16 4.817410000000000000e+11
1.220111000000000000e+17 8.566710000000000000e+11
2.169550000000000000e+17 1.523400000000000000e+12
1.230103000000000000e+12 8.649652000000000000e+06
8.025640000000000000e+12 2.736640000000000000e+07
1.573731000000000000e+13 5.899380000000000000e+07
3.092990000000000000e+13 1.342577000000000000e+08
4.076290000000000000e+13 2.410698000000000000e+08
5.767090000000000000e+13 4.291420000000000000e+08
8.770190000000000000e+13 7.633630000000000000e+08
1.410960000000000000e+14 1.357622000000000000e+09
2.360503000000000000e+14 2.414428000000000000e+09
4.048880000000000000e+14 4.293520000000000000e+09
7.051260000000000000e+14 7.635090000000000000e+09
1.239035000000000000e+15 1.357731000000000000e+10
2.188470000000000000e+15 2.414428000000000000e+10
3.876840000000000000e+15 4.293520000000000000e+10
6.879240000000000000e+15 7.635090000000001526e+10
1.221832000000000000e+16 1.357731000000000305e+11
2.171270000000000000e+16 2.414428000000000000e+11
3.859640000000000000e+16 4.293520000000000000e+11
6.862030000000000000e+16 7.635090000000000000e+11
1.220111000000000000e+17 1.357731000000000000e+12
2.169550000000000000e+17 2.414428000000000000e+12
1.185368000000000000e+12 1.362364699999999814e+07
7.817360000000000000e+12 4.264580000000000000e+07
1.542623000000000000e+13 9.249650000000000000e+07
3.086728000000000000e+13 2.122736000000000000e+08
4.074659000000000000e+13 3.818340000000000000e+08
5.766120000000000000e+13 6.799860000000000000e+08
8.769530000000000000e+13 1.209734000000000000e+09
1.410915000000000000e+14 2.151596000000000000e+09
2.360499000000000000e+14 3.826610000000000000e+09
4.048870000000000000e+14 6.804780000000000000e+09
7.051260000000000000e+14 1.210079000000000000e+10
1.239035000000000000e+15 2.151856000000000000e+10
2.188470000000000000e+15 3.826610000000000000e+10
3.876840000000000000e+15 6.804780000000001526e+10
6.879240000000000000e+15 1.210079000000000000e+11
1.221832000000000000e+16 2.151856000000000000e+11
2.171270000000000000e+16 3.826610000000000000e+11
3.859640000000000000e+16 6.804780000000000000e+11
6.862030000000000000e+16 1.210079000000000000e+12
1.220111000000000000e+17 2.151856000000000000e+12
2.169550000000000000e+17 3.826610000000000000e+12
1.136253000000000000e+12 2.144395000000000373e+07
7.537210000000000000e+12 6.603910000000000000e+07
1.500491000000000000e+13 1.444769000000000000e+08
3.076339000000000000e+13 3.351780000000000000e+08
4.072055000000000000e+13 6.045760000000000000e+08
5.764580000000000000e+13 1.077306000000000000e+09
8.768460000000000000e+13 1.917012000000000000e+09
1.410838000000000000e+14 3.409840000000000000e+09
2.360329000000000000e+14 6.064290000000000000e+09
4.048870000000000000e+14 1.078484000000000000e+10
7.051260000000000000e+14 1.917842000000000000e+10
1.239034000000000000e+15 3.410460000000000000e+10
2.188470000000000000e+15 6.064760000000000000e+10
3.876840000000000000e+15 1.078484000000000000e+11
6.879240000000000000e+15 1.917842000000000000e+11
1.221832000000000000e+16 3.410460000000000000e+11
2.171270000000000000e+16 6.064760000000000000e+11
3.859640000000000000e+16 1.078484000000000000e+12
6.862030000000000000e+16 1.917842000000000000e+12
1.220111000000000000e+17 3.410460000000000000e+12
2.169550000000000000e+17 6.064760000000000000e+12
1.085483000000000000e+12 3.374391000000000000e+07
7.181430000000000000e+12 1.015434000000000000e+08
1.447677000000000000e+13 2.247340000000000000e+08
3.059932000000000000e+13 5.281870000000000000e+08
4.067961000000000000e+13 9.567220000000000000e+08
5.762160000000000000e+13 1.706421000000000000e+09
8.766780000000000000e+13 3.037530000000000000e+09
1.410715000000000000e+14 5.403710000000000000e+09
2.360244000000000000e+14 9.610860000000000000e+09
4.048870000000000000e+14 1.709281000000000000e+10
7.051260000000000000e+14 3.039580000000000000e+10
1.239035000000000000e+15 5.405220000000000000e+10
2.188470000000000000e+15 9.612000000000000000e+10
3.876840000000000000e+15 1.709281000000000000e+11
6.879240000000000000e+15 3.039580000000000000e+11
1.221832000000000000e+16 5.405220000000000000e+11
2.171270000000000000e+16 9.612000000000000000e+11
3.859640000000000000e+16 1.709281000000000000e+12
6.862030000000000000e+16 3.039580000000000000e+12
1.220111000000000000e+17 5.405220000000000000e+12
2.169550000000000000e+17 9.612000000000000000e+12
1.035683000000000000e+12 5.310362000000000000e+07
6.757410000000000000e+12 1.550330000000000000e+08
1.386545000000000000e+13 3.481390000000000000e+08
3.034964000000000000e+13 8.299030000000000000e+08
4.061554000000000000e+13 1.512680000000000000e+09
5.758340000000000000e+13 2.702000000000000000e+09
8.764120000000000000e+13 4.812360000000000000e+09
1.410523000000000000e+14 8.562980000000000000e+09
2.360099000000000000e+14 1.523120000000000000e+10
4.048570000000000000e+14 2.708820000000000000e+10
7.051260000000000000e+14 4.817410000000000000e+10
1.239035000000000000e+15 8.566710000000000000e+10
2.188470000000000000e+15 1.523400000000000000e+11
3.876840000000000000e+15 2.709030000000000000e+11
6.879240000000000000e+15 4.817410000000000000e+11
1.221832000000000000e+16 8.566710000000000000e+11
2.171270000000000000e+16 1.523400000000000000e+12
3.859640000000000000e+16 2.709030000000000000e+12
6.862030000000000000e+16 4.817410000000000000e+12
1.220111000000000000e+17 8.566710000000000000e+12
2.169550000000000000e+17 1.523400000000000000e+13
9.889310000000000000e+11 8.360246000000000000e+07
6.283790000000000000e+12 2.352463000000000000e+08
1.320897000000000000e+13 5.372610000000000000e+08
2.998204000000000000e+13 1.298594000000000000e+09
4.051648000000000000e+13 2.388568000000000000e+09
5.752350000000000000e+13 4.276190000000000000e+09
8.759920000000000000e+13 7.622570000000000000e+09
1.410215000000000000e+14 1.356807000000000000e+10
2.359877000000000000e+14 2.413738000000000000e+10
4.048400000000000000e+14 4.293000000000000000e+10
7.051270000000000000e+14 7.635090000000001526e+10
1.239035000000000000e+15 1.357731000000000305e+11
2.188470000000000000e+15 2.414428000000000000e+11
3.876840000000000000e+15 4.293520000000000000e+11
6.879240000000000000e+15 7.635090000000000000e+11
1.221832000000000000e+16 1.357731000000000000e+12
2.171270000000000000e+16 2.414428000000000000e+12
3.859640000000000000e+16 4.293520000000000000e+12
6.862030000000000000e+16 7.635090000000000000e+12
1.220111000000000000e+17 1.357731000000000000e+13
2.169550000000000000e+17 2.414428000000000000e+13
9.465710000000000000e+11 1.316953500000000000e+08
5.786170000000000000e+12 3.554140000000000000e+08
1.254826000000000000e+13 8.262140000000000000e+08
2.946156000000000000e+13 2.020766000000000238e+09
4.036539000000000000e+13 3.764240000000000000e+09
5.743010000000000000e+13 6.762020000000000000e+09
8.753310000000000000e+13 1.206970000000000000e+10
1.409741000000000000e+14 2.149556000000000000e+10
2.359518000000000000e+14 3.824890000000000000e+10
4.048130000000000000e+14 6.803480000000000000e+10
7.050710000000000000e+14 1.209981000000000000e+11
1.239034000000000000e+15 2.151856000000000000e+11
2.188470000000000000e+15 3.826610000000000000e+11
3.876840000000000000e+15 6.804780000000000000e+11
6.879240000000000000e+15 1.210079000000000000e+12
1.221832000000000000e+16 2.151856000000000000e+12
2.171270000000000000e+16 3.826610000000000000e+12
3.859640000000000000e+16 6.804780000000000000e+12
6.862030000000000000e+16 1.210079000000000000e+13
1.220111000000000000e+17 2.151856000000000000e+13
2.169550000000000000e+17 3.826610000000000000e+13
9.092590000000000000e+11 2.075964500000000000e+08
5.291140000000000000e+12 5.357610000000000000e+08
1.191352000000000000e+13 1.266080000000000000e+09
2.876000000000000000e+13 3.123490000000000000e+09
4.013954000000000000e+13 5.915360000000000000e+09
5.728580000000000000e+13 1.067963000000000000e+10
8.742950000000000000e+13 1.910122000000000000e+10
1.408980000000000000e+14 3.404730000000000000e+10
2.358955000000000000e+14 6.060480000000000000e+10
4.047710000000000000e+14 1.078163000000000000e+11
7.050390000000000000e+14 1.917602000000000000e+11
1.239035000000000000e+15 3.410460000000000000e+11
2.188471000000000000e+15 6.064760000000000000e+11
3.876840000000000000e+15 1.078484000000000000e+12
6.879240000000000000e+15 1.917842000000000000e+12
1.221832000000000000e+16 3.410460000000000000e+12
2.171270000000000000e+16 6.064760000000000000e+12
3.859640000000000000e+16 1.078484000000000000e+13
6.862030000000000000e+16 1.917842000000000000e+13
1.220111000000000000e+17 3.410460000000000000e+13
2.169550000000000000e+17 6.064760000000000000e+13
8.771150000000000000e+11 3.274792200000000000e+08
4.820840000000000000e+12 8.076160000000000000e+08
1.131879000000000000e+13 1.932455000000000000e+09
2.786114000000000000e+13 4.790190000000000000e+09
3.981143000000000000e+13 9.259090000000000000e+09
5.706570000000000000e+13 1.683561000000000000e+10
8.726790000000000000e+13 3.020410000000000000e+10
1.407782000000000000e+14 5.390920000000000000e+10
2.358068000000000000e+14 9.601300000000000000e+10
4.047060000000000000e+14 1.708481000000000000e+11
7.049890000000000000e+14 3.038970000000000000e+11
1.238932000000000000e+15 5.404770000000000000e+11
2.188471000000000000e+15 9.612000000000000000e+11
3.876840000000000000e+15 1.709281000000000000e+12
6.879240000000000000e+15 3.039580000000000000e+12
1.221832000000000000e+16 5.405220000000000000e+12
2.171270000000000000e+16 9.612000000000000000e+12
3.859640000000000000e+16 1.709281000000000000e+13
6.862030000000000000e+16 3.039580000000000000e+13
1.220111000000000000e+17 5.405220000000000000e+13
2.169550000000000000e+17 9.612000000000000000e+13
