21
29
16
26
11.0
16.6
1.000000000000000056e-01 1.000000000000000056e-01
2.559679335543612069e+03 3.533628183366219673e+03
4.056826515062051840e+03 5.600436697520671260e+03
6.428241678411826797e+03 8.874265175239213931e+03
8.132236120927147567e+03 1.173230437494725993e+04
9.392497095810722385e+03 1.441529480687615069e+04
1.084806200692989660e+04 1.771184225435548069e+04
1.252919730565413920e+04 2.176225739715931923e+04
1.532751350899561839e+04 3.065350308190497162e+04
1.918223648024409704e+04 4.557481368827470578e+04
2.783036561473151596e+04 7.663192179682479764e+04
7.518067568144924007e+04 2.075725452175379614e+05
1.491421512119590770e+05 4.117800984536297619e+05
2.676013128143923823e+05 7.388453414727302734e+05
4.558923978113844641e+05 1.258715249180994462e+06
7.545941073556559859e+05 2.083421316606513225e+06
1.226302493616434978e+06 3.385808095781204756e+06
1.973934454969165381e+06 5.450017117052872665e+06
3.160034344243422151e+06 8.724833811324320734e+06
5.040674599836330861e+06 1.391725189039465226e+07
8.021648240393594839e+06 2.214763908728017285e+07
1.274539447663088329e+07 3.518990476620768756e+07
2.022975055764836445e+07 5.585418032735436410e+07
3.209333865122710168e+07 8.860949576507370174e+07
5.089686040840995312e+07 1.405257099424798191e+08
8.069886619517950714e+07 2.228082511491575837e+08
1.279311645030055046e+08 3.532166529820551276e+08
2.027866360284299850e+08 5.598922906530674696e+08
1.000000000000000056e-01 1.000000000000000056e-01
1.000000000000000056e-01 1.000000000000000056e-01
2.559679335543612069e+03 1.117427640986596271e+04
4.056826515062051840e+03 1.771011022350524217e+04
6.428241700171883167e+03 2.806296191106368497e+04
8.156447010264545497e+03 3.715265793687882979e+04
9.459872412777160207e+03 4.573826755737568601e+04
1.097158921689846466e+04 5.630792614365053305e+04
1.272488303137944786e+04 6.932012767255616200e+04
1.560117931153627615e+04 9.890506881172907015e+04
1.934785464275442791e+04 1.454736886643659673e+05
2.792396844057447015e+04 2.429187514486548607e+05
7.518466061707085464e+04 6.563999286998367170e+05
1.491421551297692640e+05 1.302163297755884239e+06
2.676005088813154143e+05 2.336419772304102778e+06
4.558917688312408281e+05 3.980399640235385392e+06
7.545948620251079556e+05 6.588386997929980978e+06
1.226301951509080827e+06 1.070687802564853616e+07
1.973934114611040335e+06 1.723442508845951408e+07
3.160034344243422151e+06 2.759027915007989854e+07
5.040674599836330861e+06 4.401023193710540235e+07
8.021648240393594839e+06 7.003721911920180917e+07
1.274539447663088329e+07 1.112804137097950578e+08
2.022975055764836445e+07 1.766259854084714055e+08
3.209333865122710168e+07 2.802071569434402585e+08
5.089686040840995312e+07 4.443815248612684011e+08
8.069886619517950714e+07 7.045839001695044041e+08
1.279311645030055046e+08 1.116970760168409348e+09
2.027866360284299850e+08 1.770530421672412157e+09
1.000000000000000056e-01 1.000000000000000056e-01
1.000000000000000056e-01 1.000000000000000056e-01
2.559679335543612069e+03 3.533628183366223675e+04
4.056826515062051840e+03 5.600436697520665621e+04
6.428241743691996817e+03 8.874265254574587743e+04
8.214747595569238911e+03 1.179248561689435883e+05
9.623269873690765962e+03 1.459372793749108678e+05
1.127330109470842399e+04 1.806039049209346995e+05
1.324547168254337521e+04 2.260425189998724090e+05
1.614641197143718273e+04 3.254806648270114674e+05
1.968269804200057115e+04 4.686625491741835722e+05
2.822404555194494242e+04 7.742578570460192859e+05
7.519357844476145692e+04 2.075722571737857768e+06
1.491498621721355012e+05 4.117803205703626387e+06
2.676011782462243573e+05 7.388449699306494556e+06
4.558917688312408281e+05 1.258713512584541924e+07
7.545948848468273645e+05 2.083423463256756961e+07
1.226302637306612916e+06 3.385808492510183901e+07
1.973934454969165381e+06 5.450017117052883655e+07
3.160034344243422151e+06 8.724833811324338615e+07
5.040674599836330861e+06 1.391725189039468169e+08
8.021648240393594839e+06 2.214763908728017211e+08
1.274539447663088329e+07 3.518990476620754600e+08
2.022975055764836445e+07 5.585418032735437155e+08
3.209333865122710168e+07 8.860949576507370472e+08
5.089686040840995312e+07 1.405257099424798250e+09
8.069886619517950714e+07 2.228082511491575718e+09
1.279311645030055046e+08 3.532166529820550919e+09
2.027866360284299850e+08 5.598922906530674934e+09
1.000000000000000056e-01 1.000000000000000056e-01
1.000000000000000056e-01 1.000000000000000056e-01
2.559679335543612069e+03 1.117427640986593906e+05
4.056826515062051840e+03 1.771011022350527928e+05
6.428241885132430980e+03 2.806296266933436273e+05
8.328319267875074729e+03 3.760299588884421391e+05
9.946278200070679304e+03 4.708266203658633749e+05
1.187856118998691818e+04 5.895213963813616429e+05
1.417928101346523727e+04 7.774329223869063426e+05
1.691625333651198162e+04 1.087087668561360566e+06
2.018153294749600900e+04 1.520079179963063914e+06
2.906492817582903808e+04 2.502207429647248238e+06
7.522096901435537438e+04 6.564098171153438278e+06
1.491692072006691014e+05 1.302162608414676785e+07
2.676179110184122110e+05 2.336424188821294159e+07
4.558917688312408281e+05 3.980399640235393494e+07
7.545948848468273645e+05 6.588387197187142819e+07
1.226302637306612916e+06 1.070688401337175965e+08
1.973934454969165381e+06 1.723442806010564864e+08
3.160034344243422151e+06 2.759027915007978678e+08
5.040674599836330861e+06 4.401023193710522056e+08
8.021648240393594839e+06 7.003721911920180321e+08
1.274539447663088329e+07 1.112804137097946167e+09
2.022975055764836445e+07 1.766259854084706783e+09
3.209333865122710168e+07 2.802071569434402943e+09
5.089686040840995312e+07 4.443815248612684250e+09
8.069886619517950714e+07 7.045839001695015907e+09
1.279311645030055046e+08 1.116970760168409538e+10
2.027866360284299850e+08 1.770530421672404861e+10
1.000000000000000056e-01 1.000000000000000056e-01
1.000000000000000056e-01 1.000000000000000056e-01
2.559679335543612069e+03 3.533628183366216253e+05
4.056826515062051840e+03 5.600436697520676535e+05
6.428242352974000823e+03 8.874266047175312415e+05
8.509979920112056789e+03 1.207161645031282678e+06
1.047593696971764257e+04 1.543815412617929745e+06
1.289606514042769231e+04 1.974355330163687468e+06
1.515820593024756272e+04 2.670669309222077485e+06
1.776688394104757390e+04 3.624969480443163775e+06
2.082450696521841019e+04 4.920266125337683596e+06
3.092999105720567968e+04 8.283364182365968823e+06
7.530728740390091843e+04 2.075817286302319542e+07
1.492260004273868108e+05 4.117769245869379491e+07
2.676619955725328764e+05 7.388422294963540137e+07
4.559341972283748328e+05 1.258713712991163731e+08
7.545956623366794083e+05 2.083425609903345406e+08
1.226302780996408779e+06 3.385808889238129854e+08
1.973934454969165381e+06 5.450017117052861452e+08
3.160034344243422151e+06 8.724833811324319839e+08
5.040674599836330861e+06 1.391725189039468050e+09
8.021648240393594839e+06 2.214763908728017330e+09
1.274539447663088329e+07 3.518990476620754719e+09
2.022975055764836445e+07 5.585418032735436440e+09
3.209333865122710168e+07 8.860949576507369995e+09
5.089686040840995312e+07 1.405257099424798203e+10
8.069886619517950714e+07 2.228082511491566849e+10
1.279311645030055046e+08 3.532166529820551300e+10
2.027866360284299850e+08 5.598922906530674744e+10
1.000000000000000056e-01 1.000000000000000056e-01
1.000000000000000056e-01 1.000000000000000056e-01
2.559679335543612069e+03 1.117427640986593906e+06
4.056826515062051840e+03 1.771011022350527812e+06
6.428243832660508815e+03 2.806297062358583789e+06
8.757988305512923034e+03 3.903114677759574261e+06
1.122509420362415767e+04 5.149746307255812921e+06
1.384379877446448700e+04 6.802115666419947520e+06
1.608621571682418471e+04 9.000163772589767352e+06
1.869185909907232781e+04 1.190849316681349091e+07
2.171956429840485725e+04 1.575662544452095218e+07
3.371980002471269108e+04 2.786110653044728935e+07
7.557408875742052624e+04 6.564886494458196312e+07
1.494063789276097959e+05 1.302141116874813586e+08
2.677932591835364001e+05 2.336406517107311189e+08
4.560357945616933284e+05 3.980394784148819447e+08
7.547021505993625615e+05 6.588374306739827394e+08
1.226391294996616663e+06 1.070689142955222368e+09
1.973968828751089750e+06 1.723442613172904015e+09
3.160034344243422151e+06 2.759027915007978439e+09
5.040672668717190623e+06 4.401021507643882751e+09
8.021640790109505877e+06 7.003715407052321434e+09
1.274539389963126741e+07 1.112804086719901466e+10
2.022975055764836445e+07 1.766259854084706879e+10
3.209333865122710168e+07 2.802071569434402847e+10
5.089686040840995312e+07 4.443815248612684631e+10
8.069886619517950714e+07 7.045839001695043945e+10
1.279311645030055046e+08 1.116970760168409424e+11
2.027866360284299850e+08 1.770530421672404785e+11
1.000000000000000056e-01 1.000000000000000056e-01
1.000000000000000056e-01 1.000000000000000056e-01
2.559679335543612069e+03 3.533628183366223704e+06
4.056826515062051840e+03 5.600436697520677000e+06
6.428248456695793720e+03 8.874273928903039545e+06
9.050113372092455393e+03 1.268010652630164847e+07
1.214652030854720942e+04 1.737590365331754088e+07
1.463282930242586008e+04 2.283618062993071973e+07
1.702339565495606439e+04 2.960986786269443110e+07
1.980450900067119801e+04 3.839277193740084767e+07
2.303997302932199091e+04 4.978086845481605828e+07
3.652616273606194591e+04 9.251443692981286347e+07
7.637032499468603055e+04 2.076524658642417192e+08
1.499647769099615398e+05 4.117627717822547555e+08
2.682040721468751435e+05 7.388234515370496511e+08
4.563437094829450944e+05 1.258701032271021366e+09
7.549341254208999453e+05 2.083420747607118130e+09
1.226582015225689858e+06 3.385823506452671051e+09
1.974157084383450914e+06 5.450010060810943604e+09
3.160151013119593728e+06 8.724821226612928391e+09
5.040672668717190623e+06 1.391724655863302994e+10
8.021640022590161301e+06 2.214761639794848251e+10
1.274538632806419767e+07 3.518988226798746490e+10
2.022974757320343703e+07 5.585417208731275940e+10
3.209333865122710168e+07 8.860949576507369995e+10
5.089686040840995312e+07 1.405257099424798279e+11
8.069886619517950714e+07 2.228082511491566772e+11
1.279311645030055046e+08 3.532166529820551147e+11
2.027866360284299850e+08 5.598922906530698242e+11
1.000000000000000056e-01 1.000000000000000056e-01
1.000000000000000056e-01 1.000000000000000056e-01
2.559679335543612069e+03 1.117427640986591578e+07
4.056826515062051840e+03 1.771011022350527719e+07
6.428251818655661737e+03 2.806300016281155124e+07
9.344750920203805435e+03 4.120548122131575644e+07
1.308342025707769062e+04 5.857029270199219882e+07
1.536161892148567313e+04 7.484233245226484537e+07
1.803651730603774922e+04 9.563508168544308841e+07
2.117719220830253835e+04 1.222044870770806521e+08
2.712603657813338941e+04 1.760639174024867415e+08
3.900891808690963808e+04 2.975364845913282037e+08
7.851390502855635714e+04 6.570635343529025316e+08
1.516153430359986087e+05 1.302000531308801174e+09
2.694697542505079764e+05 2.336247178694185734e+09
4.573075250832494348e+05 3.980277797562761307e+09
7.556634735444700345e+05 6.588312545116940498e+09
1.227183832032292383e+06 1.070697431547778893e+10
1.974649100015870063e+06 1.723449112956756592e+10
3.160601233114669099e+06 2.759034388595188904e+10
5.041033948113260791e+06 4.401026092940842438e+10
8.021647472866974771e+06 7.003721241790122986e+10
1.274538690507728606e+07 1.112803476022825775e+11
2.022974757320343703e+07 1.766259593514682007e+11
3.209333865122710168e+07 2.802071569434391479e+11
5.089686040840995312e+07 4.443815248612684326e+11
8.069886619517950714e+07 7.045839001695045166e+11
1.279311645030055046e+08 1.116970760168409424e+12
2.027866360284299850e+08 1.770530421672412109e+12
1.000000000000000056e-01 1.000000000000000056e-01
1.000000000000000056e-01 1.000000000000000056e-01
2.559679335543612069e+03 3.533628183366223425e+07
4.056826515062051840e+03 5.600436697520665824e+07
6.428293338215635231e+03 8.874330910927581787e+07
9.599276187527704678e+03 1.333703556170184910e+08
1.348029480580350719e+04 1.908361910347599983e+08
1.605316044875753141e+04 2.417214792509684265e+08
1.911708639210230831e+04 3.061750143641974330e+08
2.276579700861265519e+04 3.878146853618534803e+08
3.046247043355474307e+04 5.904240802918498516e+08
4.146400852569277049e+04 9.220156682478730679e+08
8.317420635626689182e+04 2.080269046949076414e+09
1.559754185651942680e+05 4.116535483162290573e+09
2.731495596474374179e+05 7.386777809737512589e+09
4.602419463018911192e+05 1.258590365802604485e+10
7.579320115594826639e+05 2.083351797539852524e+10
1.229065994078800781e+06 3.385901268029292297e+10
1.976186696301318239e+06 5.450036222167572021e+10
3.161825588550416287e+06 8.724830611009480286e+10
5.042067275025066920e+06 1.391725682835450439e+11
8.022715100715456530e+06 2.214769576996846924e+11
1.274622073611513339e+07 3.518991880878048096e+11
2.023004599725594372e+07 5.585418223306651611e+11
3.209333865122710168e+07 8.860949576507370605e+11
5.089686040840995312e+07 1.405257099424798096e+12
8.069886619517950714e+07 2.228082511491566895e+12
1.279311645030055046e+08 3.532166529820551270e+12
2.027866360284299850e+08 5.598922906530674805e+12
1.000000000000000056e-01 1.000000000000000056e-01
1.000000000000000056e-01 1.000000000000000056e-01
2.559679335543612069e+03 1.117427640986591578e+08
4.056826515062051840e+03 1.771011022350520492e+08
6.428398657684680984e+03 2.806359972122575045e+08
9.791122825923541313e+03 4.291155908952839971e+08
1.379157509344555547e+04 6.142647966588321924e+08
1.668222101410801406e+04 7.749903939685797691e+08
2.017873202139242858e+04 9.777706845817478895e+08
2.497802029811226748e+04 1.282987952496079683e+09
3.296588152351213648e+04 1.877375369963158369e+09
4.693113737768642022e+04 2.987729411301906109e+09
9.089915805004436697e+04 6.594314685352049828e+09
1.652702766679511114e+05 1.301690247974131584e+10
2.825117636123949778e+05 2.335145277921236420e+10
4.685744105379182729e+05 3.979268953503050995e+10
7.647567318610976217e+05 6.587653650098136902e+10
1.234821112141236663e+06 1.070778097622209930e+11
1.980957979496894637e+06 1.723457407115294189e+11
3.165661141974514350e+06 2.759023393858067017e+11
5.045072345727483742e+06 4.401016764575969849e+11
8.025018247771565802e+06 7.003718081347697754e+11
1.274801362864992209e+07 1.112803828066237549e+12
2.023192099384025112e+07 1.766261067491598633e+12
3.209446020874860510e+07 2.802072822700944336e+12
5.089686040840995312e+07 4.443815248612684570e+12
8.069886619517950714e+07 7.045839001695044922e+12
1.279311645030055046e+08 1.116970760168404883e+13
2.027866360284299850e+08 1.770530421672405078e+13
1.000000000000000056e-01 1.000000000000000056e-01
1.000000000000000056e-01 1.000000000000000056e-01
2.559679335543612069e+03 3.533628183366209269e+08
4.056826515062051840e+03 5.600436697520688772e+08
6.428590384746475138e+03 8.874713429024318457e+08
9.921364810991251943e+03 1.372833263831048965e+09
1.402511760649934149e+04 1.963465847906844378e+09
1.720451097382584339e+04 2.474893831549827099e+09
2.110464996823471301e+04 3.119534512898737431e+09
2.672067515462109805e+04 4.153205239665235043e+09
3.477462212864376488e+04 5.798883613592885017e+09
5.234825001777300349e+04 9.574683566018896103e+09
1.012889375699145312e+05 2.097915617142035675e+10
1.806393614540483686e+05 4.123041801638623810e+10
3.013812122175641707e+05 7.382382289460484314e+10
4.886774651588161942e+05 1.257831605395293579e+11
7.835191359733418794e+05 2.082762393769449768e+11
1.251392821829793509e+06 3.386720328757918701e+11
1.995300672615948599e+06 5.450177757684822998e+11
3.177496954792297911e+06 8.724801819418361816e+11
5.054463896216533147e+06 1.391721889778602783e+12
8.032259375039387494e+06 2.214767072887564453e+12
1.275367691366497241e+07 3.518999397380065430e+12
2.023673770907952264e+07 5.585428506729671875e+12
3.209897654389742017e+07 8.860955999271671875e+12
5.090038460317542404e+07 1.405256392671385938e+13
8.069879205368416011e+07 2.228080464446968359e+13
1.279311596161891818e+08 3.532166394895396094e+13
2.027866360284299850e+08 5.598922906530697656e+13
1.000000000000000056e-01 1.000000000000000056e-01
1.000000000000000056e-01 1.000000000000000056e-01
2.559679335543612069e+03 1.117427640986591578e+09
4.056826515062051840e+03 1.771011022350527763e+09
6.428848026949262021e+03 2.806542783768529415e+09
1.000359251809228408e+04 4.372995337506049156e+09
1.418858258618373657e+04 6.250016779797215462e+09
1.759438307957821598e+04 7.880860528898910522e+09
2.181770547344088118e+04 9.937247348953907013e+09
2.785930077690719190e+04 1.316255551397399712e+10
3.599669140636446537e+04 1.778424908875490952e+10
5.721301903750059137e+04 3.039023276113953400e+10
1.134992326402018371e+05 6.706746050488210297e+10
2.015792025293511979e+05 1.311724557092041626e+11
3.309940866535551031e+05 2.337183696444591675e+11
5.262608151613209629e+05 3.975759623480913696e+11
8.258928824545516400e+05 6.583293074118803711e+11
1.293195311548059108e+06 1.071581576435730347e+12
2.034772361846191110e+06 1.723633605939128906e+12
3.212284941876189318e+06 2.759024486040803223e+12
5.083141114745727740e+06 4.400984945562747070e+12
8.054816574253440835e+06 7.003693796157701172e+12
1.277139897809723951e+07 1.112807215413748828e+13
2.025167250919785351e+07 1.766257995947926562e+13
3.211105569601174816e+07 2.802068485150153516e+13
5.091075654849236459e+07 4.443811038617992188e+13
8.070946769239692390e+07 7.045830094337001562e+13
1.279393741602694094e+08 1.116970523237207812e+14
2.027895480272569954e+08 1.770530346199406562e+14
1.000000000000000056e-01 1.000000000000000056e-01
1.000000000000000056e-01 1.000000000000000056e-01
2.559679335543612069e+03 3.533628183366209030e+09
4.056826515062051840e+03 5.600436697520688057e+09
6.429101935637575480e+03 8.875372630747943878e+09
1.005315193277133585e+04 1.388907342553983307e+10
1.429536864737916585e+04 1.984310398547333527e+10
1.785921729043215601e+04 2.503765967647280502e+10
2.231153670075837726e+04 3.159205346773377991e+10
2.856761440386552931e+04 4.143386340321115112e+10
3.677203931800098508e+04 5.479605081099402618e+10
6.111467237009993551e+04 9.590997441041729736e+10
1.260638729756470129e+05 2.148947431088527527e+11
2.262021166960030096e+05 4.193272944767910156e+11
3.695734911994383438e+05 7.422978017114259033e+11
5.811379897367603844e+05 1.257824519470447021e+12
8.986520237765678903e+05 2.080623309710102783e+12
1.379986907135891495e+06 3.387982243612909180e+12
2.126120839858061634e+06 5.452085359490460938e+12
3.302994429622897878e+06 8.724936889538672852e+12
5.165083249089464545e+06 1.391699557605486914e+13
8.122772023399414495e+06 2.214744897899972656e+13
1.282575409076906182e+07 3.519021626584117188e+13
2.029831940731012821e+07 5.585426428674421094e+13
3.214908956704515591e+07 8.860942559492706250e+13
5.094065846984095126e+07 1.405256249005294375e+14
8.073251505815415084e+07 2.228086230571161250e+14
1.279572003109510094e+08 3.532166948605709375e+14
2.028088352277307212e+08 5.598926351066898125e+14
1.000000000000000056e-01 1.000000000000000056e-01
1.000000000000000056e-01 1.000000000000000056e-01
2.559679335543612069e+03 1.117427640986596107e+10
4.056826515062051840e+03 1.771011022350520706e+10
6.429293156466599612e+03 2.806724408378508759e+10
1.008216872493114897e+04 4.403324954586969757e+10
1.436142347714643438e+04 6.289767772440389252e+10
1.802687127645184228e+04 7.940857016037020874e+10
2.262784664311942470e+04 1.002536380205315399e+11
2.899190422883095744e+04 1.303611377772823944e+11
3.724167531271412008e+04 1.701396030389455566e+11
6.391888733973740455e+04 3.021240023223289185e+11
1.358588056501788087e+05 6.809158262524162598e+11
2.478229649576570955e+05 1.325700357157733154e+12
4.128273210961841978e+05 2.364537652698708984e+12
6.483106650091708871e+05 3.987236679460438965e+12
9.969018129970697919e+05 6.579354948841743164e+12
1.516331890802305192e+06 1.070761787814813086e+13
2.294637240426503588e+06 1.725496945869200195e+13
3.494591869856982026e+06 2.759330092840855859e+13
5.365837046206740662e+06 4.400843067351506250e+13
8.310328542644802481e+06 7.003520069070012500e+13
1.298347946673060022e+07 1.112838780094955938e+14
2.043850905144173652e+07 1.766266267738460938e+14
3.226635865627033636e+07 2.802069688609026562e+14
5.103431919708050042e+07 4.443811734667959375e+14
8.080496989492553473e+07 7.045840158793411250e+14
1.280134362574520260e+08 1.116970030401952125e+15
2.028563426584267020e+08 1.770535981970888750e+15
1.000000000000000056e-01 1.000000000000000056e-01
1.000000000000000056e-01 1.000000000000000056e-01
2.559679335543612069e+03 3.533628183366209412e+10
4.056826515062051840e+03 5.600436697520688629e+10
6.429419443177119319e+03 8.875782227872401428e+10
1.009887057265784642e+04 1.394490069974822083e+11
1.440077500841411165e+04 1.991731051656785889e+11
1.812809239207803694e+04 2.515572979890570068e+11
2.282014222038099251e+04 3.177189717402683716e+11
2.923968953299367786e+04 4.106704716463111572e+11
3.751770849242797703e+04 5.317893122227235107e+11
6.576486571566943894e+04 9.520022377815729980e+11
1.427718961830525659e+05 2.148453014600590332e+12
2.654968465244017425e+05 4.184459091665062988e+12
4.491690643170221592e+05 7.458379492030987305e+12
7.193615245022296440e+05 1.265987923431432227e+13
1.109562336292941356e+06 2.082845615708366406e+13
1.686821747494011419e+06 3.385163050608908594e+13
2.541524178658978082e+06 5.454967589375186719e+13
3.812805003735777922e+06 8.729084995199604688e+13
5.751461478753674775e+06 1.391672841014039531e+14
8.738080702633321285e+06 2.214621535111314688e+14
1.339915251961297542e+07 3.519082262914248750e+14
2.082599396958382055e+07 5.585493259316591875e+14
3.261138122663449869e+07 8.860954197621738750e+14
5.132027022049606591e+07 1.405257978403074250e+15
8.103032199077339470e+07 2.228087282125872000e+15
1.281894909878998846e+08 3.532165321620055500e+15
2.030058780778267384e+08 5.598929907110199000e+15
1.000000000000000056e-01 1.000000000000000056e-01
1.000000000000000056e-01 1.000000000000000056e-01
2.559679335543612069e+03 1.117427640986591644e+11
4.056826515062051840e+03 1.771011022350527954e+11
6.429497040952101997e+03 2.806807572552522583e+11
1.010838363228045273e+04 4.413449891666646118e+11
1.442366159153369699e+04 6.303375301086400146e+11
1.818742369296951802e+04 7.963188091266868896e+11
2.293331540596806735e+04 1.006006489348103394e+12
2.938212501690487989e+04 1.295433121806109619e+12
3.767694479628517729e+04 1.669860965726769287e+12
6.690805530420217838e+04 3.002781458658231934e+12
1.476445432676960481e+05 6.788746323441923828e+12
2.790418350205754978e+05 1.322737874437551367e+13
4.792103137622756767e+05 2.356167348155081641e+13
7.796979189381598262e+05 4.002312392646596094e+13
1.221840515986052575e+06 6.599330006700374219e+13
1.870175680513352854e+06 1.070866779880283281e+14
2.828789865191187244e+06 1.724453461464451562e+14
4.242352921994647011e+06 2.761741467649638438e+14
6.332014415698201396e+06 4.401499182887284375e+14
9.484573182827295735e+06 7.002996134033078750e+14
1.427837045089037716e+07 1.112786360076239000e+15
2.173011291368510574e+07 1.766340726038738750e+15
3.351320688123625889e+07 2.802080286958770000e+15
5.213756878584789485e+07 4.443804284127057000e+15
8.170929889447565377e+07 7.045823277654800000e+15
1.287297188482870907e+08 1.116971152240586400e+16
2.034707789694112539e+08 1.770535211068717400e+16
1.000000000000000056e-01 1.000000000000000056e-01
1.000000000000000056e-01 1.000000000000000056e-01
2.559679335543612069e+03 3.533628183366209106e+11
4.056826515062051840e+03 5.600436697520665283e+11
6.429542876262427853e+03 8.875941427979703369e+11
1.011377500658203826e+04 1.396310632330373779e+12
1.443678882848743888e+04 1.994196240728013184e+12
1.822160275012205602e+04 2.519692157708158203e+12
2.299866062514420264e+04 3.183662891320200195e+12
2.946324831903824452e+04 4.090358707764487305e+12
3.776780384072883317e+04 5.258852642570626953e+12
6.758814008607224969e+04 9.479793641587003906e+12
1.508173150914475846e+05 2.146347412610418750e+13
2.884509301848618197e+05 4.183580869631274219e+13
5.015342829603230930e+05 7.449360663546465625e+13
8.266399006382396910e+05 1.264681111403660469e+14
1.318215665827514837e+06 2.090272218368578438e+14
2.042722971301223617e+06 3.389114401663603125e+14
3.119268861417802051e+06 5.453350696143562500e+14
4.713196585711458698e+06 8.730855443686695000e+14
7.056485729950511828e+06 1.392419426111674250e+15
1.051009506624357589e+07 2.214611850876992500e+15
1.567127139426229894e+07 3.518758299301494500e+15
2.341977934282064438e+07 5.586065301230693000e+15
3.542656155663126707e+07 8.861059865671380000e+15
5.414326063337025046e+07 1.405251776693127800e+16
8.358454714220665395e+07 2.228080572106795200e+16
1.302984063312851936e+08 3.532182846752528800e+16
2.048691776000379026e+08 5.598919152434410400e+16
1.000000000000000056e-01 1.000000000000000056e-01
1.000000000000000056e-01 1.000000000000000056e-01
2.559679335543612069e+03 1.117427640986591553e+12
4.056826515062051840e+03 1.771011022350520508e+12
6.429569367602303828e+03 2.806837070685458984e+12
1.011682053665820058e+04 4.416709155200648438e+12
1.444425414420526795e+04 6.307808880892860352e+12
1.824108559379258440e+04 7.970671768868088867e+12
2.303595604993947563e+04 1.007189812606350391e+13
2.950919501683696217e+04 1.292337338068448633e+13
3.781932679547694715e+04 1.659054942116479492e+13
6.798371123062343395e+04 2.994767762638504297e+13
1.527692059341522981e+05 6.787158808042199219e+13
2.945057361197213177e+05 1.323311751043317344e+14
5.166627026897449396e+05 2.355895603719303125e+14
8.603455251199407503e+05 3.998214349918887500e+14
1.387789180106000043e+06 6.606126828503128750e+14
2.184924799572468270e+06 1.072667936028264250e+15
3.378157954198410269e+06 1.724956696720102750e+15
5.162142703036586754e+06 2.760675674253655500e+15
7.812499903088696301e+06 4.403511177192426500e+15
1.169853143941835500e+07 7.004356552744589000e+15
1.743079959607837722e+07 1.112715562270692400e+16
2.593342254818326235e+07 1.766383025531809600e+16
3.861990992907472700e+07 2.802220107356250800e+16
5.800582170083063841e+07 4.443795413816175200e+16
8.786499770896337926e+07 7.045786591173560800e+16
1.344644241394141018e+08 1.116972494412232640e+17
2.087364487583505511e+08 1.770536183825851200e+17
1.000000000000000056e-01 1.000000000000000056e-01
1.000000000000000056e-01 1.000000000000000056e-01
2.559679335543612069e+03 3.533628183366208984e+12
4.056826515062051840e+03 5.600436697520688477e+12
6.429584494279724822e+03 8.875995101346992188e+12
1.011853427611277402e+04 1.396892026136179492e+13
1.444847486689063771e+04 1.994989186363977734e+13
1.825212148318979962e+04 2.521038311413277734e+13
2.305710060793510638e+04 3.185798805855770703e+13
2.953513195850794727e+04 4.084657868321042969e+13
3.784843200124571740e+04 5.239322994947029688e+13
6.821070503488117538e+04 9.464711530757504688e+13
1.539267731274154794e+05 2.146321194186517188e+14
2.982001153652202920e+05 4.185571552755415625e+14
5.262270004490192514e+05 7.450967885404802500e+14
8.825994103053995641e+05 1.264255368582061000e+15
1.436069100122915814e+06 2.088460218172428000e+15
2.288910764772960916e+06 3.394519323928837000e+15
3.581865592524856329e+06 5.456591301961381000e+15
5.542010188350979239e+06 8.730412493647322000e+15
8.490111760174289346e+06 1.392346854699786800e+16
1.288734980915806070e+07 2.215521582891685600e+16
1.933511195456035063e+07 3.518899139301384800e+16
2.887144995638431981e+07 5.585643453690455200e+16
4.295191268607886136e+07 8.861762778769420800e+16
6.383680490157661587e+07 1.405273756769445920e+17
9.534683756332460046e+07 2.228064656424654400e+17
1.432660171031755507e+08 3.532164443744925440e+17
2.177669845175214410e+08 5.598952211756598400e+17
1.000000000000000056e-01 1.000000000000000056e-01
1.000000000000000056e-01 1.000000000000000056e-01
2.559679335543612069e+03 1.117427640986596289e+13
4.056826515062085036e+03 1.771011022350542188e+13
6.429593074978477489e+03 2.806846739205979297e+13
1.011950307700453777e+04 4.417745495644320312e+13
1.445086199422837490e+04 6.309224524490696094e+13
1.825836132823875596e+04 7.973082734934587500e+13
2.306905695491870938e+04 1.007573086856397188e+14
2.954976368318028835e+04 1.291304099910293438e+14
3.786485957902413065e+04 1.655550886938151875e+14
6.833940610027649382e+04 2.991989655236419375e+14
1.545991093891158525e+05 6.787437656727591250e+14
3.003799703507244703e+05 1.323776065478867500e+15
5.319982924318033038e+05 2.356451440261857500e+15
8.964226056171959499e+05 3.997919090001493500e+15
1.467163173871775856e+06 6.603456772524391000e+15
2.356827698253986891e+06 1.073559500828644200e+16
3.725606698079287540e+06 1.725993631016042400e+16
5.828273259143969044e+06 2.761060515240281200e+16
9.035647398636637256e+06 4.402866349425072000e+16
1.389156541767014191e+07 7.005810425961568000e+16
2.113191760960304365e+07 1.112879434453999680e+17
3.185451681044998765e+07 1.766346121235138880e+17
4.773487642958098650e+07 2.802254326448184640e+17
7.112346651861035824e+07 4.444056257378382080e+17
1.056417483802982569e+08 7.045794849938672640e+17
1.572235576544344723e+08 1.116960651281434368e+18
1.000000000000000056e-01 1.000000000000000056e-01
1.000000000000000056e-01 1.000000000000000056e-01
1.000000000000000056e-01 1.000000000000000056e-01
2.559679335543622528e+03 3.533628183366223438e+13
4.056826515062147337e+03 5.600436697520825781e+13
6.429597923466237262e+03 8.876012420250328125e+13
1.012004828214661211e+04 1.397077051745032344e+14
1.445220515076433549e+04 1.995241891030818750e+14
1.826187086517276111e+04 2.521468561446513438e+14
2.307578144769195569e+04 3.186482669065485625e+14
2.955798949587499737e+04 4.082800521831468750e+14
3.787410881863291434e+04 5.233061901861247500e+14
6.841197170932494919e+04 9.459593607585890000e+14
1.549830666307710344e+05 2.146403196795646750e+15
3.016417391071998863e+05 4.186539303732669500e+15
5.353817463000294520e+05 7.452284374841062000e+15
9.046738509070314467e+05 1.264263331391982400e+16
1.486172263950336725e+06 2.088070844264210000e+16
2.398774367046649568e+06 3.394483360380402000e+16
3.818938597574352287e+06 5.459110214255608800e+16
6.023881932580024935e+06 8.731973683448660800e+16
9.430731307241570204e+06 1.392315304469986880e+17
1.465923222277176194e+07 2.215331447383592640e+17
2.261394897477670386e+07 3.519611628260656000e+17
3.451867148615176231e+07 5.585878844932794240e+17
5.230787447731720656e+07 8.861439449088929280e+17
7.874461089826050401e+07 1.405331250469509120e+18
1.175823064128454477e+08 2.228109641490280960e+18
1.748716269290654957e+08 3.532138183553816576e+18
1.000000000000000056e-01 1.000000000000000056e-01
1.000000000000000056e-01 1.000000000000000056e-01
