# 21 0.5 10000000000000000
# 27 0.19999999999999998 158489319246.11108
2.559679335543612069e+03 3.533628183366219673e+03
4.056826515062030921e+03 5.600436697520648522e+03
6.428241678411826797e+03 8.874265175239213931e+03
8.132236120927139382e+03 1.173230437494723446e+04
9.392497095810722385e+03 1.441529480687615069e+04
1.084806200692989660e+04 1.771184225435548069e+04
1.252919730565411373e+04 2.176225739715927557e+04
1.532751350899561839e+04 3.065350308190497162e+04
1.918223648024405702e+04 4.557481368827452388e+04
2.783036561473151596e+04 7.663192179682479764e+04
7.518067568144877441e+04 2.075725452175362734e+05
1.491421512119578547e+05 4.117800984536280739e+05
2.676013128143907525e+05 7.388453414727272466e+05
4.558923978113826015e+05 1.258715249180989340e+06
7.545941073556559859e+05 2.083421316606513225e+06
1.226302493616427295e+06 3.385808095781183802e+06
1.973934454969153274e+06 5.450017117052850313e+06
3.160034344243409578e+06 8.724833811324285343e+06
5.040674599836320616e+06 1.391725189039462432e+07
8.021648240393594839e+06 2.214763908728017285e+07
1.274539447663083114e+07 3.518990476620754600e+07
2.022975055764815584e+07 5.585418032735390961e+07
3.209333865122677386e+07 8.860949576507298648e+07
5.089686040840974450e+07 1.405257099424792528e+08
8.069886619517950714e+07 2.228082511491575837e+08
1.279311645030044615e+08 3.532166529820507765e+08
2.027866360284291804e+08 5.598922906530629396e+08
2.559679335543612069e+03 1.117427640986596271e+04
4.056826515062030921e+03 1.771011022350513304e+04
6.428241700171883167e+03 2.806296191106368497e+04
8.156447010264545497e+03 3.715265793687875703e+04
9.459872412777160207e+03 4.573826755737568601e+04
1.097158921689846466e+04 5.630792614365053305e+04
1.272488303137942239e+04 6.932012767255588551e+04
1.560117931153627615e+04 9.890506881172907015e+04
1.934785464275442791e+04 1.454736886643656762e+05
2.792396844057447015e+04 2.429187514486548607e+05
7.518466061707038898e+04 6.563999286998313619e+05
1.491421551297686528e+05 1.302163297755876323e+06
2.676005088813143666e+05 2.336419772304083686e+06
4.558917688312389655e+05 3.980399640235369094e+06
7.545948620251079556e+05 6.588386997929980978e+06
1.226301951509078266e+06 1.070687802564849332e+07
1.973934114611036377e+06 1.723442508845944330e+07
3.160034344243409578e+06 2.759027915007978305e+07
5.040674599836320616e+06 4.401023193710522354e+07
8.021648240393594839e+06 7.003721911920180917e+07
1.274539447663083114e+07 1.112804137097946107e+08
2.022975055764815584e+07 1.766259854084692597e+08
3.209333865122677386e+07 2.802071569434379935e+08
5.089686040840974450e+07 4.443815248612666130e+08
8.069886619517950714e+07 7.045839001695044041e+08
1.279311645030044615e+08 1.116970760168395758e+09
2.027866360284291804e+08 1.770530421672397614e+09
2.559679335543612069e+03 3.533628183366223675e+04
4.056826515062030921e+03 5.600436697520643065e+04
6.428241743691996817e+03 8.874265254574587743e+04
8.214747595569222540e+03 1.179248561689433554e+05
9.623269873690765962e+03 1.459372793749108678e+05
1.127330109470842399e+04 1.806039049209346995e+05
1.324547168254334792e+04 2.260425189998714777e+05
1.614641197143718273e+04 3.254806648270114674e+05
1.968269804200053113e+04 4.686625491741816513e+05
2.822404555194494242e+04 7.742578570460192859e+05
7.519357844476099126e+04 2.075722571737849386e+06
1.491498621721348900e+05 4.117803205703601241e+06
2.676011782462226693e+05 7.388449699306464754e+06
4.558917688312389655e+05 1.258713512584534101e+07
7.545948848468273645e+05 2.083423463256756961e+07
1.226302637306605233e+06 3.385808492510163039e+07
1.973934454969153274e+06 5.450017117052861303e+07
3.160034344243409578e+06 8.724833811324284971e+07
5.040674599836320616e+06 1.391725189039462209e+08
8.021648240393594839e+06 2.214763908728017211e+08
1.274539447663083114e+07 3.518990476620754600e+08
2.022975055764815584e+07 5.585418032735390663e+08
3.209333865122677386e+07 8.860949576507297754e+08
5.089686040840974450e+07 1.405257099424792290e+09
8.069886619517950714e+07 2.228082511491575718e+09
1.279311645030044615e+08 3.532166529820522308e+09
2.027866360284291804e+08 5.598922906530629158e+09
2.559679335543612069e+03 1.117427640986593906e+05
4.056826515062030921e+03 1.771011022350516869e+05
6.428241885132430980e+03 2.806296266933436273e+05
8.328319267875067453e+03 3.760299588884413242e+05
9.946278200070679304e+03 4.708266203658633749e+05
1.187856118998691818e+04 5.895213963813616429e+05
1.417928101346520816e+04 7.774329223869047128e+05
1.691625333651198162e+04 1.087087668561360566e+06
2.018153294749596535e+04 1.520079179963060888e+06
2.906492817582903808e+04 2.502207429647248238e+06
7.522096901435492327e+04 6.564098171153384261e+06
1.491692072006678791e+05 1.302162608414668962e+07
2.676179110184111050e+05 2.336424188821289316e+07
4.558917688312389655e+05 3.980399640235368907e+07
7.545948848468273645e+05 6.588387197187142819e+07
1.226302637306605233e+06 1.070688401337171644e+08
1.973934454969153274e+06 1.723442806010564864e+08
3.160034344243409578e+06 2.759027915007967353e+08
5.040674599836320616e+06 4.401023193710504174e+08
8.021648240393594839e+06 7.003721911920180321e+08
1.274539447663083114e+07 1.112804137097946167e+09
2.022975055764815584e+07 1.766259854084692478e+09
3.209333865122677386e+07 2.802071569434380054e+09
5.089686040840974450e+07 4.443815248612666130e+09
8.069886619517950714e+07 7.045839001695015907e+09
1.279311645030044615e+08 1.116970760168400383e+10
2.027866360284291804e+08 1.770530421672390366e+10
2.559679335543612069e+03 3.533628183366216253e+05
4.056826515062030921e+03 5.600436697520654416e+05
6.428242352974000823e+03 8.874266047175312415e+05
8.509979920112047694e+03 1.207161645031277789e+06
1.047593696971764257e+04 1.543815412617929745e+06
1.289606514042769231e+04 1.974355330163687468e+06
1.515820593024753180e+04 2.670669309222077485e+06
1.776688394104757390e+04 3.624969480443163775e+06
2.082450696521841019e+04 4.920266125337664038e+06
3.092999105720567968e+04 8.283364182365968823e+06
7.530728740390045277e+04 2.075817286302311346e+07
1.492260004273859086e+05 4.117769245869363099e+07
2.676619955725317704e+05 7.388422294963479042e+07
4.559341972283739015e+05 1.258713712991153449e+08
7.545956623366794083e+05 2.083425609903345406e+08
1.226302780996406218e+06 3.385808889238116145e+08
1.973934454969153274e+06 5.450017117052838802e+08
3.160034344243409578e+06 8.724833811324248314e+08
5.040674599836320616e+06 1.391725189039462328e+09
8.021648240393594839e+06 2.214763908728017330e+09
1.274539447663083114e+07 3.518990476620754719e+09
2.022975055764815584e+07 5.585418032735390663e+09
3.209333865122677386e+07 8.860949576507297516e+09
5.089686040840974450e+07 1.405257099424798203e+10
8.069886619517950714e+07 2.228082511491566849e+10
1.279311645030044615e+08 3.532166529820507812e+10
2.027866360284291804e+08 5.598922906530606079e+10
2.559679335543612069e+03 1.117427640986593906e+06
4.056826515062030921e+03 1.771011022350516869e+06
6.428243832660508815e+03 2.806297062358583789e+06
8.757988305512904844e+03 3.903114677759558428e+06
1.122509420362415767e+04 5.149746307255812921e+06
1.384379877446448700e+04 6.802115666419947520e+06
1.608621571682415197e+04 9.000163772589730099e+06
1.869185909907232781e+04 1.190849316681349091e+07
2.171956429840480996e+04 1.575662544452092052e+07
3.371980002471269108e+04 2.786110653044728935e+07
7.557408875742006057e+04 6.564886494458156079e+07
1.494063789276088937e+05 1.302141116874813586e+08
2.677932591835347703e+05 2.336406517107301652e+08
4.560357945616923971e+05 3.980394784148803353e+08
7.547021505993625615e+05 6.588374306739827394e+08
1.226391294996609213e+06 1.070689142955218077e+09
1.973968828751081834e+06 1.723442613172889948e+09
3.160034344243409578e+06 2.759027915007978439e+09
5.040672668717170134e+06 4.401021507643864632e+09
8.021640790109505877e+06 7.003715407052321434e+09
1.274539389963121526e+07 1.112804086719901466e+10
2.022975055764815584e+07 1.766259854084699631e+10
3.209333865122677386e+07 2.802071569434379959e+10
5.089686040840974450e+07 4.443815248612666321e+10
8.069886619517950714e+07 7.045839001695043945e+10
1.279311645030044615e+08 1.116970760168395691e+11
2.027866360284291804e+08 1.770530421672390442e+11
2.559679335543612069e+03 3.533628183366223704e+06
4.056826515062030921e+03 5.600436697520653717e+06
6.428248456695793720e+03 8.874273928903039545e+06
9.050113372092428108e+03 1.268010652630164847e+07
1.214652030854720942e+04 1.737590365331754088e+07
1.463282930242586008e+04 2.283618062993071973e+07
1.702339565495606439e+04 2.960986786269437149e+07
1.980450900067119801e+04 3.839277193740084767e+07
2.303997302932199091e+04 4.978086845481605828e+07
3.652616273606194591e+04 9.251443692981286347e+07
7.637032499468556489e+04 2.076524658642400205e+08
1.499647769099606085e+05 4.117627717822530866e+08
2.682040721468740376e+05 7.388234515370496511e+08
4.563437094829441630e+05 1.258701032271011114e+09
7.549341254208999453e+05 2.083420747607118130e+09
1.226582015225684969e+06 3.385823506452657223e+09
1.974157084383442998e+06 5.450010060810921669e+09
3.160151013119587209e+06 8.724821226612894058e+09
5.040672668717170134e+06 1.391724655863297272e+10
8.021640022590161301e+06 2.214761639794848251e+10
1.274538632806417160e+07 3.518988226798731995e+10
2.022974757320322841e+07 5.585417208731230164e+10
3.209333865122677386e+07 8.860949576507298279e+10
5.089686040840974450e+07 1.405257099424798279e+11
8.069886619517950714e+07 2.228082511491566772e+11
1.279311645030044615e+08 3.532166529820507812e+11
2.027866360284291804e+08 5.598922906530628662e+11
2.559679335543612069e+03 1.117427640986591578e+07
4.056826515062030921e+03 1.771011022350516915e+07
6.428251818655661737e+03 2.806300016281155124e+07
9.344750920203776332e+03 4.120548122131558508e+07
1.308342025707769062e+04 5.857029270199219882e+07
1.536161892148567313e+04 7.484233245226484537e+07
1.803651730603771284e+04 9.563508168544308841e+07
2.117719220830253835e+04 1.222044870770806521e+08
2.712603657813328027e+04 1.760639174024852812e+08
3.900891808690963808e+04 2.975364845913282037e+08
7.851390502855603700e+04 6.570635343528997898e+08
1.516153430359976774e+05 1.302000531308790445e+09
2.694697542505068704e+05 2.336247178694176197e+09
4.573075250832475722e+05 3.980277797562745094e+09
7.556634735444700345e+05 6.588312545116940498e+09
1.227183832032287493e+06 1.070697431547770119e+10
1.974649100015861914e+06 1.723449112956749344e+10
3.160601233114662580e+06 2.759034388595188904e+10
5.041033948113240302e+06 4.401026092940824890e+10
8.021647472866974771e+06 7.003721241790122986e+10
1.274538690507725999e+07 1.112803476022816620e+11
2.022974757320322841e+07 1.766259593514653015e+11
3.209333865122677386e+07 2.802071569434379883e+11
5.089686040840974450e+07 4.443815248612666016e+11
8.069886619517950714e+07 7.045839001695045166e+11
1.279311645030044615e+08 1.116970760168395752e+12
2.027866360284291804e+08 1.770530421672390381e+12
2.559679335543612069e+03 3.533628183366223425e+07
4.056826515062030921e+03 5.600436697520642728e+07
6.428293338215635231e+03 8.874330910927581787e+07
9.599276187527664661e+03 1.333703556170179397e+08
1.348029480580350719e+04 1.908361910347599983e+08
1.605316044875753141e+04 2.417214792509684265e+08
1.911708639210226829e+04 3.061750143641961813e+08
2.276579700861265519e+04 3.878146853618534803e+08
3.046247043355461938e+04 5.904240802918498516e+08
4.146400852569277049e+04 9.220156682478730679e+08
8.317420635626638250e+04 2.080269046949059248e+09
1.559754185651939479e+05 4.116535483162273884e+09
2.731495596474357299e+05 7.386777809737452507e+09
4.602419463018892566e+05 1.258590365802599335e+10
7.579320115594826639e+05 2.083351797539852524e+10
1.229065994078793330e+06 3.385901268029278183e+10
1.976186696301306132e+06 5.450036222167549133e+10
3.161825588550396729e+06 8.724830611009480286e+10
5.042067275025046431e+06 1.391725682835444641e+11
8.022715100715456530e+06 2.214769576996846924e+11
1.274622073611505516e+07 3.518991880878048096e+11
2.023004599725577608e+07 5.585418223306606445e+11
3.209333865122677386e+07 8.860949576507298584e+11
5.089686040840974450e+07 1.405257099424792480e+12
8.069886619517950714e+07 2.228082511491566895e+12
1.279311645030044615e+08 3.532166529820521973e+12
2.027866360284291804e+08 5.598922906530606445e+12
2.559679335543612069e+03 1.117427640986591578e+08
4.056826515062030921e+03 1.771011022350513339e+08
6.428398657684680984e+03 2.806359972122575045e+08
9.791122825923501296e+03 4.291155908952822685e+08
1.379157509344555547e+04 6.142647966588321924e+08
1.668222101410801406e+04 7.749903939685797691e+08
2.017873202139238856e+04 9.777706845817478895e+08
2.497802029811226748e+04 1.282987952496079683e+09
3.296588152351207100e+04 1.877375369963150740e+09
4.693113737768642022e+04 2.987729411301906109e+09
9.089915805004398862e+04 6.594314685351995468e+09
1.652702766679504421e+05 1.301690247974126244e+10
2.825117636123932316e+05 2.335145277921226883e+10
4.685744105379163520e+05 3.979268953503018188e+10
7.647567318610976217e+05 6.587653650098136902e+10
1.234821112141231773e+06 1.070778097622205658e+11
1.980957979496886488e+06 1.723457407115280151e+11
3.165661141974501312e+06 2.759023393858056030e+11
5.045072345727463253e+06 4.401016764575933838e+11
8.025018247771565802e+06 7.003718081347697754e+11
1.274801362864986993e+07 1.112803828066228271e+12
2.023192099384008721e+07 1.766261067491584229e+12
3.209446020874834433e+07 2.802072822700921387e+12
5.089686040840974450e+07 4.443815248612666016e+12
8.069886619517950714e+07 7.045839001695044922e+12
1.279311645030044615e+08 1.116970760168395703e+13
2.027866360284291804e+08 1.770530421672390234e+13
2.559679335543612069e+03 3.533628183366209269e+08
4.056826515062030921e+03 5.600436697520666122e+08
6.428590384746475138e+03 8.874713429024318457e+08
9.921364810991221020e+03 1.372833263831037760e+09
1.402511760649934149e+04 1.963465847906844378e+09
1.720451097382584339e+04 2.474893831549827099e+09
2.110464996823466936e+04 3.119534512898737431e+09
2.672067515462109805e+04 4.153205239665235043e+09
3.477462212864369940e+04 5.798883613592861176e+09
5.234825001777300349e+04 9.574683566018896103e+09
1.012889375699137017e+05 2.097915617142026901e+10
1.806393614540476410e+05 4.123041801638590240e+10
3.013812122175623081e+05 7.382382289460424805e+10
4.886774651588142151e+05 1.257831605395283356e+11
7.835191359733418794e+05 2.082762393769449768e+11
1.251392821829788387e+06 3.386720328757905273e+11
1.995300672615940450e+06 5.450177757684801025e+11
3.177496954792291392e+06 8.724801819418325195e+11
5.054463896216502413e+06 1.391721889778596924e+12
8.032259375039387494e+06 2.214767072887564453e+12
1.275367691366492026e+07 3.518999397380065430e+12
2.023673770907935873e+07 5.585428506729603516e+12
3.209897654389715940e+07 8.860955999271599609e+12
5.090038460317511111e+07 1.405256392671374414e+13
8.069879205368416011e+07 2.228080464446968359e+13
1.279311596161881238e+08 3.532166394895352344e+13
2.027866360284291804e+08 5.598922906530628906e+13
2.559679335543612069e+03 1.117427640986591578e+09
4.056826515062030921e+03 1.771011022350520611e+09
6.428848026949262021e+03 2.806542783768529415e+09
1.000359251809224406e+04 4.372995337506031036e+09
1.418858258618373657e+04 6.250016779797215462e+09
1.759438307957821598e+04 7.880860528898910522e+09
2.181770547344083752e+04 9.937247348953866959e+09
2.785930077690719190e+04 1.316255551397399712e+10
3.599669140636439261e+04 1.778424908875483704e+10
5.721301903750059137e+04 3.039023276113953400e+10
1.134992326402011386e+05 6.706746050488155365e+10
2.015792025293499464e+05 1.311724557092036285e+11
3.309940866535530658e+05 2.337183696444591675e+11
5.262608151613187511e+05 3.975759623480897217e+11
8.258928824545516400e+05 6.583293074118803711e+11
1.293195311548056547e+06 1.071581576435725952e+12
2.034772361846182728e+06 1.723633605939121826e+12
3.212284941876176279e+06 2.759024486040780762e+12
5.083141114745706320e+06 4.400984945562729492e+12
8.054816574253440835e+06 7.003693796157701172e+12
1.277139897809718736e+07 1.112807215413739648e+13
2.025167250919768959e+07 1.766257995947919141e+13
3.211105569601155072e+07 2.802068485150130469e+13
5.091075654849215597e+07 4.443811038617974219e+13
8.070946769239692390e+07 7.045830094337001562e+13
1.279393741602683663e+08 1.116970523237198594e+14
2.027895480272553265e+08 1.770530346199385000e+14
2.559679335543612069e+03 3.533628183366209030e+09
4.056826515062030921e+03 5.600436697520665169e+09
6.429101935637575480e+03 8.875372630747943878e+09
1.005315193277131402e+04 1.388907342553972054e+10
1.429536864737916585e+04 1.984310398547333527e+10
1.785921729043215601e+04 2.503765967647280502e+10
2.231153670075832997e+04 3.159205346773377991e+10
2.856761440386552931e+04 4.143386340321115112e+10
3.677203931800091232e+04 5.479605081099380493e+10
6.111467237009993551e+04 9.590997441041729736e+10
1.260638729756464891e+05 2.148947431088509827e+11
2.262021166960025730e+05 4.193272944767875977e+11
3.695734911994375871e+05 7.422978017114228516e+11
5.811379897367579397e+05 1.257824519470441895e+12
8.986520237765678903e+05 2.080623309710102783e+12
1.379986907135885675e+06 3.387982243612895020e+12
2.126120839858052786e+06 5.452085359490416992e+12
3.302994429622884374e+06 8.724936889538637695e+12
5.165083249089432880e+06 1.391699557605481250e+13
8.122772023399414495e+06 2.214744897899972656e+13
1.282575409076898172e+07 3.519021626584103125e+13
2.029831940731000528e+07 5.585426428674375781e+13
3.214908956704489142e+07 8.860942559492634375e+13
5.094065846984074265e+07 1.405256249005294375e+14
8.073251505815415084e+07 2.228086230571161250e+14
1.279572003109499663e+08 3.532166948605695000e+14
2.028088352277290523e+08 5.598926351066852500e+14
2.559679335543612069e+03 1.117427640986596107e+10
4.056826515062030921e+03 1.771011022350513458e+10
6.429293156466599612e+03 2.806724408378508759e+10
1.008216872493108713e+04 4.403324954586933899e+10
1.436142347714643438e+04 6.289767772440389252e+10
1.802687127645184228e+04 7.940857016037020874e+10
2.262784664311942470e+04 1.002536380205311279e+11
2.899190422883095744e+04 1.303611377772823944e+11
3.724167531271404005e+04 1.701396030389448547e+11
6.391888733973740455e+04 3.021240023223289185e+11
1.358588056501779647e+05 6.809158262524162598e+11
2.478229649576555821e+05 1.325700357157727783e+12
4.128273210961825098e+05 2.364537652698708984e+12
6.483106650091696065e+05 3.987236679460406250e+12
9.969018129970697919e+05 6.579354948841743164e+12
1.516331890802299138e+06 1.070761787814804297e+13
2.294637240426494274e+06 1.725496945869193164e+13
3.494591869856967591e+06 2.759330092840844531e+13
5.365837046206718311e+06 4.400843067351470312e+13
8.310328542644802481e+06 7.003520069070012500e+13
1.298347946673054807e+07 1.112838780094942188e+14
2.043850905144156888e+07 1.766266267738432188e+14
3.226635865627007186e+07 2.802069688608980938e+14
5.103431919708029181e+07 4.443811734667922500e+14
8.080496989492553473e+07 7.045840158793411250e+14
1.280134362574509829e+08 1.116970030401938375e+15
2.028563426584250331e+08 1.770535981970881500e+15
2.559679335543612069e+03 3.533628183366209412e+10
4.056826515062030921e+03 5.600436697520665741e+10
6.429419443177119319e+03 8.875782227872401428e+10
1.009887057265780459e+04 1.394490069974822083e+11
1.440077500841411165e+04 1.991731051656785889e+11
1.812809239207803694e+04 2.515572979890570068e+11
2.282014222038099251e+04 3.177189717402683716e+11
2.923968953299367786e+04 4.106704716463111572e+11
3.751770849242789700e+04 5.317893122227235107e+11
6.576486571566943894e+04 9.520022377815729980e+11
1.427718961830519838e+05 2.148453014600581543e+12
2.654968465244006366e+05 4.184459091665028809e+12
4.491690643170202966e+05 7.458379492030987305e+12
7.193615245022266172e+05 1.265987923431421875e+13
1.109562336292941356e+06 2.082845615708366406e+13
1.686821747494004434e+06 3.385163050608894531e+13
2.541524178658967838e+06 5.454967589375164844e+13
3.812805003735770006e+06 8.729084995199570312e+13
5.751461478753651492e+06 1.391672841014033906e+14
8.738080702633321285e+06 2.214621535111314688e+14
1.339915251961294934e+07 3.519082262914248750e+14
2.082599396958364919e+07 5.585493259316523125e+14
3.261138122663423419e+07 8.860954197621666250e+14
5.132027022049596161e+07 1.405257978403068500e+15
8.103032199077339470e+07 2.228087282125872000e+15
1.281894909878988415e+08 3.532165321620026500e+15
2.030058780778250992e+08 5.598929907110199000e+15
2.559679335543612069e+03 1.117427640986591644e+11
4.056826515062030921e+03 1.771011022350520630e+11
6.429497040952101997e+03 2.806807572552522583e+11
1.010838363228041089e+04 4.413449891666627808e+11
1.442366159153369699e+04 6.303375301086400146e+11
1.818742369296951802e+04 7.963188091266868896e+11
2.293331540596802370e+04 1.006006489348099243e+12
2.938212501690487989e+04 1.295433121806109619e+12
3.767694479628510453e+04 1.669860965726762451e+12
6.690805530420217838e+04 3.002781458658231934e+12
1.476445432676954370e+05 6.788746323441896484e+12
2.790418350205738097e+05 1.322737874437546094e+13
4.792103137622736976e+05 2.356167348155081641e+13
7.796979189381581964e+05 4.002312392646579688e+13
1.221840515986052575e+06 6.599330006700374219e+13
1.870175680513345171e+06 1.070866779880283281e+14
2.828789865191181656e+06 1.724453461464444375e+14
4.242352921994630247e+06 2.761741467649627188e+14
6.332014415698175319e+06 4.401499182887266250e+14
9.484573182827295735e+06 7.002996134033078750e+14
1.427837045089031756e+07 1.112786360076239000e+15
2.173011291368492693e+07 1.766340726038717250e+15
3.351320688123598322e+07 2.802080286958735500e+15
5.213756878584767878e+07 4.443804284127020500e+15
8.170929889447565377e+07 7.045823277654800000e+15
1.287297188482865691e+08 1.116971152240577200e+16
2.034707789694095850e+08 1.770535211068702800e+16
2.559679335543612069e+03 3.533628183366209106e+11
4.056826515062030921e+03 5.600436697520643311e+11
6.429542876262427853e+03 8.875941427979703369e+11
1.011377500658199642e+04 1.396310632330367920e+12
1.443678882848743888e+04 1.994196240728013184e+12
1.822160275012205602e+04 2.519692157708158203e+12
2.299866062514415535e+04 3.183662891320187012e+12
2.946324831903824452e+04 4.090358707764487305e+12
3.776780384072875313e+04 5.258852642570605469e+12
6.758814008607224969e+04 9.479793641587003906e+12
1.508173150914463331e+05 2.146347412610401172e+13
2.884509301848605974e+05 4.183580869631274219e+13
5.015342829603210557e+05 7.449360663546434375e+13
8.266399006382363150e+05 1.264681111403650156e+14
1.318215665827514837e+06 2.090272218368578438e+14
2.042722971301219426e+06 3.389114401663589375e+14
3.119268861417795531e+06 5.453350696143518125e+14
4.713196585711449385e+06 8.730855443686695000e+14
7.056485729950496927e+06 1.392419426111668500e+15
1.051009506624357589e+07 2.214611850876992500e+15
1.567127139426217042e+07 3.518758299301465500e+15
2.341977934282045066e+07 5.586065301230648000e+15
3.542656155663105100e+07 8.861059865671308000e+15
5.414326063337002695e+07 1.405251776693127800e+16
8.358454714220665395e+07 2.228080572106795200e+16
1.302984063312841356e+08 3.532182846752528800e+16
2.048691776000362039e+08 5.598919152434364000e+16
2.559679335543612069e+03 1.117427640986591553e+12
4.056826515062030921e+03 1.771011022350513428e+12
6.429569367602303828e+03 2.806837070685458984e+12
1.011682053665815874e+04 4.416709155200612305e+12
1.444425414420526795e+04 6.307808880892860352e+12
1.824108559379258440e+04 7.970671768868088867e+12
2.303595604993942834e+04 1.007189812606346289e+13
2.950919501683696217e+04 1.292337338068448633e+13
3.781932679547686712e+04 1.659054942116465820e+13
6.798371123062343395e+04 2.994767762638504297e+13
1.527692059341513668e+05 6.787158808042171875e+13
2.945057361197200953e+05 1.323311751043311875e+14
5.166627026897428441e+05 2.355895603719293438e+14
8.603455251199372578e+05 3.998214349918855000e+14
1.387789180106000043e+06 6.606126828503128750e+14
2.184924799572459422e+06 1.072667936028255500e+15
3.378157954198389314e+06 1.724956696720088750e+15
5.162142703036576509e+06 2.760675674253633000e+15
7.812499903088664636e+06 4.403511177192426500e+15
1.169853143941835500e+07 7.004356552744589000e+15
1.743079959607830644e+07 1.112715562270692400e+16
2.593342254818310216e+07 1.766383025531780600e+16
3.861990992907448858e+07 2.802220107356228000e+16
5.800582170083039999e+07 4.443795413816175200e+16
8.786499770896337926e+07 7.045786591173560800e+16
1.344644241394135654e+08 1.116972494412223360e+17
2.087364487583488524e+08 1.770536183825836800e+17
2.559679335543612069e+03 3.533628183366208984e+12
4.056826515062030921e+03 5.600436697520666016e+12
6.429584494279724822e+03 8.875995101346992188e+12
1.011853427611271218e+04 1.396892026136173828e+13
1.444847486689063771e+04 1.994989186363977734e+13
1.825212148318979962e+04 2.521038311413277734e+13
2.305710060793501179e+04 3.185798805855757812e+13
2.953513195850794727e+04 4.084657868321042969e+13
3.784843200124555733e+04 5.239322994946987500e+13
6.821070503488117538e+04 9.464711530757504688e+13
1.539267731274145481e+05 2.146321194186508438e+14
2.982001153652184294e+05 4.185571552755398125e+14
5.262270004490182037e+05 7.450967885404802500e+14
8.825994103053959552e+05 1.264255368582061000e+15
1.436069100122915814e+06 2.088460218172428000e+15
2.288910764772951603e+06 3.394519323928823000e+15
3.581865592524834443e+06 5.456591301961381000e+15
5.542010188350956887e+06 8.730412493647322000e+15
8.490111760174218565e+06 1.392346854699775400e+16
1.288734980915806070e+07 2.215521582891685600e+16
1.933511195456027240e+07 3.518899139301356000e+16
2.887144995638414100e+07 5.585643453690409600e+16
4.295191268607851118e+07 8.861762778769348800e+16
6.383680490157648176e+07 1.405273756769445920e+17
9.534683756332460046e+07 2.228064656424654400e+17
1.432660171031749845e+08 3.532164443744925440e+17
2.177669845175196528e+08 5.598952211756552960e+17
2.559679335543612069e+03 1.117427640986596289e+13
4.056826515062068211e+03 1.771011022350535156e+13
6.429593074978477489e+03 2.806846739205979297e+13
1.011950307700449594e+04 4.417745495644302344e+13
1.445086199422837490e+04 6.309224524490696094e+13
1.825836132823875596e+04 7.973082734934587500e+13
2.306905695491870938e+04 1.007573086856397188e+14
2.954976368318028835e+04 1.291304099910293438e+14
3.786485957902405789e+04 1.655550886938145312e+14
6.833940610027649382e+04 2.991989655236419375e+14
1.545991093891148921e+05 6.787437656727535000e+14
3.003799703507226077e+05 1.323776065478862250e+15
5.319982924318010919e+05 2.356451440261848000e+15
8.964226056171922246e+05 3.997919090001493500e+15
1.467163173871775856e+06 6.603456772524391000e+15
2.356827698253977112e+06 1.073559500828635400e+16
3.725606698079264723e+06 1.725993631016042400e+16
5.828273259143932723e+06 2.761060515240281200e+16
9.035647398636581376e+06 4.402866349425072000e+16
1.389156541767014191e+07 7.005810425961568000e+16
2.113191760960295796e+07 1.112879434453999680e+17
3.185451681044972688e+07 1.766346121235138880e+17
4.773487642958050221e+07 2.802254326448161600e+17
7.112346651861035824e+07 4.444056257378345600e+17
1.056417483802982569e+08 7.045794849938672640e+17
1.572235576544338167e+08 1.116960651281425152e+18
1.000000000000000056e-01 1.000000000000000056e-01
2.559679335543622528e+03 3.533628183366223438e+13
4.056826515062130511e+03 5.600436697520803125e+13
6.429597923466237262e+03 8.876012420250328125e+13
1.012004828214657027e+04 1.397077051745032344e+14
1.445220515076433549e+04 1.995241891030818750e+14
1.826187086517276111e+04 2.521468561446513438e+14
2.307578144769186110e+04 3.186482669065472500e+14
2.955798949587499737e+04 4.082800521831468750e+14
3.787410881863283430e+04 5.233061901861247500e+14
6.841197170932494919e+04 9.459593607585890000e+14
1.549830666307700740e+05 2.146403196795646750e+15
3.016417391071974416e+05 4.186539303732652000e+15
5.353817463000272401e+05 7.452284374841001000e+15
9.046738509070277214e+05 1.264263331391982400e+16
1.486172263950336725e+06 2.088070844264210000e+16
2.398774367046644446e+06 3.394483360380374000e+16
3.818938597574336454e+06 5.459110214255564000e+16
6.023881932579999790e+06 8.731973683448660800e+16
9.430731307241531089e+06 1.392315304469986880e+17
1.465923222277176194e+07 2.215331447383592640e+17
2.261394897477665916e+07 3.519611628260627200e+17
3.451867148615154624e+07 5.585878844932748160e+17
5.230787447731667012e+07 8.861439449088857600e+17
7.874461089826019108e+07 1.405331250469497600e+18
1.175823064128454477e+08 2.228109641490280960e+18
1.748716269290640652e+08 3.532138183553787904e+18
1.000000000000000056e-01 1.000000000000000056e-01
