1.437050000000000305e+11 3.204000000000000000e+03
2.555470000037057190e+11 5.697610000003118330e+03
4.545621390000000000e+11 1.013208629300000030e+04
2.862097000000000000e+12 2.307030000000000291e+04
9.330100000000000000e+12 6.383150000000000000e+04
1.162385000000000000e+13 1.139361000000000058e+05
1.560320000000000000e+13 2.026379999999999709e+05
2.267681000000000000e+13 3.603480000000000000e+05
3.525550000000000000e+13 6.408000000000000000e+05
5.762400000000000000e+13 1.139522000000000000e+06
9.740160000000000000e+13 2.026380000000000233e+06
1.681369000000000000e+14 3.603480000000000000e+06
2.939240000000000000e+14 6.408000000000000000e+06
5.176090000000000000e+14 1.139522000000000000e+07
9.153830000000000000e+14 2.026380000000000000e+07
1.622737000000000000e+15 3.603480000000000000e+07
2.880610000000000000e+15 6.408000000000000000e+07
5.117460000000000000e+15 1.139522000000000000e+08
9.095200000000000000e+15 2.026380000000000000e+08
1.616874000000000000e+16 3.603480000000000000e+08
2.874750000000000000e+16 6.408000000000000000e+08
1.437050000000000305e+11 1.013189999999999964e+04
2.555470000037057495e+11 1.801740000000986402e+04
4.545621370000000000e+11 3.204058909899999708e+04
2.717569000000000000e+12 7.182739999999999418e+04
9.312810000000000000e+12 2.015790000000000000e+05
1.162301000000000000e+13 3.602560000000000000e+05
1.560264000000000000e+13 6.407600000000000000e+05
2.267679000000000000e+13 1.139522000000000000e+06
3.525560000000000000e+13 2.026380000000000233e+06
5.762410000000000000e+13 3.603480000000000000e+06
9.740150000000000000e+13 6.408000000000000000e+06
1.681370000000000000e+14 1.139522000000000000e+07
2.939240000000000000e+14 2.026380000000000000e+07
5.176090000000000000e+14 3.603480000000000000e+07
9.153830000000000000e+14 6.408000000000000000e+07
1.622737000000000000e+15 1.139522000000000000e+08
2.880610000000000000e+15 2.026380000000000000e+08
5.117460000000000000e+15 3.603480000000000000e+08
9.095200000000000000e+15 6.408000000000000000e+08
1.616874000000000000e+16 1.139522000000000000e+09
2.874750000000000000e+16 2.026380000000000000e+09
1.437050000000000305e+11 3.203999999999999636e+04
2.555470000037057190e+11 5.697610000003118330e+04
4.545621330000000000e+11 1.013208627699999925e+05
2.427136000000000000e+12 2.199832000000000116e+05
9.256170000000000000e+12 6.347750000000000000e+05
1.162002000000000000e+13 1.138823000000000000e+06
1.560142000000000000e+13 2.026020000000000000e+06
2.267564000000000000e+13 3.603240000000000000e+06
3.525550000000000000e+13 6.408000000000000000e+06
5.762410000000000000e+13 1.139522000000000000e+07
9.740150000000000000e+13 2.026380000000000000e+07
1.681369000000000000e+14 3.603480000000000000e+07
2.939240000000000000e+14 6.408000000000000000e+07
5.176090000000000000e+14 1.139522000000000000e+08
9.153830000000000000e+14 2.026380000000000000e+08
1.622737000000000000e+15 3.603480000000000000e+08
2.880610000000000000e+15 6.408000000000000000e+08
5.117460000000000000e+15 1.139522000000000000e+09
9.095200000000000000e+15 2.026380000000000000e+09
1.616874000000000000e+16 3.603480000000000000e+09
2.874750000000000000e+16 6.408000000000000000e+09
1.437050000000000305e+11 1.013189999999999854e+05
2.555470000037057495e+11 1.801740000000986329e+05
4.545621200000000000e+11 3.204058902600000147e+05
2.023366000000000000e+12 6.641778000000000466e+05
9.086370000000000000e+12 1.982329000000000000e+06
1.161048000000000000e+13 3.597210000000000000e+06
1.559764000000000000e+13 6.404530000000000000e+06
2.267319000000000000e+13 1.139281000000000000e+07
3.525300000000000000e+13 2.026210000000000000e+07
5.762410000000000000e+13 3.603480000000000000e+07
9.740150000000000000e+13 6.408000000000000000e+07
1.681369000000000000e+14 1.139522000000000000e+08
2.939240000000000000e+14 2.026380000000000000e+08
5.176090000000000000e+14 3.603480000000000000e+08
9.153830000000000000e+14 6.408000000000000000e+08
1.622737000000000000e+15 1.139522000000000000e+09
2.880610000000000000e+15 2.026380000000000000e+09
5.117460000000000000e+15 3.603480000000000000e+09
9.095200000000000000e+15 6.408000000000000000e+09
1.616874000000000000e+16 1.139522000000000000e+10
2.874750000000000000e+16 2.026380000000000000e+10
1.437050000000000305e+11 3.204000000000000000e+05
2.555470000037057190e+11 5.697610000003118766e+05
4.545620770000000000e+11 1.013208620500000077e+06
1.627503000000000000e+12 2.002533000000000000e+06
8.640590000000000000e+12 6.061420000000000000e+06
1.158081000000000000e+13 1.133555000000000000e+07
1.558572000000000000e+13 2.022970000000000000e+07
2.266562000000000000e+13 3.601100000000000000e+07
3.524760000000000000e+13 6.406270000000000000e+07
5.761820000000000000e+13 1.139394000000000000e+08
9.740140000000000000e+13 2.026380000000000000e+08
1.681369000000000000e+14 3.603480000000000000e+08
2.939240000000000000e+14 6.408000000000000000e+08
5.176090000000000000e+14 1.139522000000000000e+09
9.153830000000000000e+14 2.026380000000000000e+09
1.622737000000000000e+15 3.603480000000000000e+09
2.880610000000000000e+15 6.408000000000000000e+09
5.117460000000000000e+15 1.139522000000000000e+10
9.095200000000000000e+15 2.026380000000000000e+10
1.616874000000000000e+16 3.603480000000000000e+10
2.874750000000000000e+16 6.408000000000000000e+10
1.437050000000000305e+11 1.013190000000000116e+06
2.555470000037057190e+11 1.801740000000986271e+06
4.545619410000000000e+11 3.204058821299999952e+06
1.322747000000000000e+12 6.093957000000000000e+06
7.733290000000000000e+12 1.783165000000000000e+07
1.149211000000000000e+13 3.546960000000000000e+07
1.554887000000000000e+13 6.374430000000000000e+07
2.264156000000000000e+13 1.137160000000000000e+08
3.523050000000000000e+13 2.024660000000000000e+08
5.760570000000000000e+13 3.602210000000000000e+08
9.738800000000000000e+13 6.407050000000000000e+08
1.681268000000000000e+14 1.139451000000000000e+09
2.939240000000000000e+14 2.026380000000000000e+09
5.176090000000000000e+14 3.603480000000000000e+09
9.153840000000000000e+14 6.408000000000000000e+09
1.622737000000000000e+15 1.139522000000000000e+10
2.880610000000000000e+15 2.026380000000000000e+10
5.117460000000000000e+15 3.603480000000000000e+10
9.095200000000000000e+15 6.408000000000000000e+10
1.616874000000000000e+16 1.139522000000000000e+11
2.874750000000000000e+16 2.026380000000000000e+11
1.437050000000000305e+11 3.204000000000000000e+06
2.555470000037057495e+11 5.697610000003118999e+06
4.545615160000000000e+11 1.013208539699999988e+07
1.119014000000000000e+12 1.876535900000000000e+07
6.451540000000000000e+12 5.040960000000000000e+07
1.125311000000000000e+13 1.089541000000000000e+08
1.543878000000000000e+13 1.994271000000000000e+08
2.256712000000000000e+13 3.580290000000000000e+08
3.517700000000000000e+13 6.390910000000000000e+08
5.756640000000000000e+13 1.138253000000000000e+09
9.735880000000000000e+13 2.025440000000000000e+09
1.681051000000000000e+14 3.602780000000000000e+09
2.939010000000000000e+14 6.407470000000000000e+09
5.176090000000000000e+14 1.139522000000000000e+10
9.153840000000000000e+14 2.026380000000000000e+10
1.622738000000000000e+15 3.603480000000000000e+10
2.880610000000000000e+15 6.408000000000000000e+10
5.117460000000000000e+15 1.139522000000000000e+11
9.095200000000000000e+15 2.026380000000000000e+11
1.616874000000000000e+16 3.603480000000000000e+11
2.874750000000000000e+16 6.408000000000000000e+11
1.437050000000000000e+11 1.013190000000000000e+07
2.555470000037057800e+11 1.801740000000986084e+07
4.545612070000000000e+11 3.204058031399999931e+07
9.929960000000000000e+11 5.835155000000000000e+07
5.177810000000000000e+12 1.405571000000000000e+08
1.074108000000000000e+13 3.227860000000000000e+08
1.514243000000000000e+13 6.123490000000000000e+08
2.234791000000000000e+13 1.117526000000000000e+09
3.501240000000000000e+13 2.009679000000000000e+09
5.744340000000000000e+13 3.590920000000000000e+09
9.726700000000000000e+13 6.398590000000000000e+09
1.680365000000000000e+14 1.138817000000000000e+10
2.938490000000000000e+14 2.025860000000000000e+10
5.175530000000000000e+14 3.603090000000000000e+10
9.153830000000000000e+14 6.408000000000000000e+10
1.622738000000000000e+15 1.139522000000000000e+11
2.880610000000000000e+15 2.026380000000000000e+11
5.117460000000000000e+15 3.603480000000000000e+11
9.095200000000000000e+15 6.408000000000000000e+11
1.616874000000000000e+16 1.139522000000000000e+12
2.874750000000000000e+16 2.026380000000000000e+12
1.437050000000000305e+11 3.204000000000000000e+07
2.555470000037057190e+11 5.697610000003118813e+07
4.545573910000000000e+11 1.013207801200000048e+08
9.182890000000000000e+11 1.826665700000000000e+08
4.188690000000000000e+12 3.980672000000000000e+08
9.969810000000000000e+12 9.169660000000000000e+08
1.451053000000000000e+13 1.813051000000000000e+09
2.177677000000000000e+13 3.413160000000000000e+09
3.453630000000000000e+13 6.251730000000000000e+09
5.706940000000000000e+13 1.127324000000000000e+10
9.698150000000000000e+13 2.017090000000000000e+10
1.678211000000000000e+14 3.596470000000000000e+10
2.936870000000000000e+14 6.402730000000000000e+10
5.174320000000000000e+14 1.139127000000000000e+11
9.152500000000000000e+14 2.026090000000000000e+11
1.622638000000000000e+15 3.603260000000000000e+11
2.880610000000000000e+15 6.408000000000000000e+11
5.117460000000000000e+15 1.139522000000000000e+12
9.095200000000000000e+15 2.026380000000000000e+12
1.616874000000000000e+16 3.603480000000000000e+12
2.874750000000000000e+16 6.408000000000000000e+12
1.437050000000000305e+11 1.013190000000000000e+08
2.555470000037056885e+11 1.801740000000986159e+08
4.545477120000000000e+11 3.204051876399999857e+08
8.750276000000000000e+11 5.742404800000000000e+08
3.524160000000000000e+12 1.159996000000000000e+09
9.161580000000000000e+12 2.555305000000000000e+09
1.356258000000000000e+13 5.147860000000000000e+09
2.062569000000000000e+13 1.002360000000000000e+10
3.334970000000000000e+13 1.895451000000000000e+10
5.601280000000000000e+13 3.491430000000000000e+10
9.612310000000000000e+13 6.318540000000000000e+10
1.671549000000000000e+14 1.132626000000000000e+11
2.931810000000000000e+14 2.021150000000000000e+11
5.170500000000000000e+14 3.599540000000000000e+11
9.149630000000000000e+14 6.405040000000000000e+11
1.622423000000000000e+15 1.139300000000000000e+12
2.880380000000000000e+15 2.026220000000000000e+12
5.117460000000000000e+15 3.603480000000000000e+12
9.095200000000000000e+15 6.408000000000000000e+12
1.616874000000000000e+16 1.139522000000000000e+13
2.874750000000000000e+16 2.026380000000000000e+13
1.437050000000000305e+11 3.204000000000000000e+08
2.555470000037057495e+11 5.697610000003118515e+08
4.545300948000000000e+11 1.013203712899999976e+09
8.502916000000000000e+11 1.809753880000000000e+09
3.111990000000000000e+12 3.474217000000000000e+09
8.512240000000000000e+12 7.204450000000000000e+09
1.257296000000000000e+13 1.434512000000000000e+10
1.901672000000000000e+13 2.829420000000000000e+10
3.113140000000000000e+13 5.511990000000000000e+10
5.352160000000000000e+13 1.049298000000000000e+11
9.377230000000000000e+13 1.946072000000000000e+11
1.651822000000000000e+14 3.537880000000000000e+11
2.916250000000000000e+14 6.356830000000000000e+11
5.158570000000000000e+14 1.135619000000000000e+12
9.140610000000000000e+14 2.023440000000000000e+12
1.621743000000000000e+15 3.601270000000000000e+12
2.879860000000000000e+15 6.406340000000000000e+12
5.116900000000000000e+15 1.139397000000000000e+13
9.095210000000000000e+15 2.026380000000000000e+13
1.616874000000000000e+16 3.603480000000000000e+13
2.874750000000000000e+16 6.408000000000000000e+13
1.437050000000000000e+11 1.013190000000000000e+09
2.555470000037057190e+11 1.801740000000986099e+09
4.545064265000000000e+11 3.204032052099999905e+09
8.362536000000000000e+11 5.711909200000000000e+09
2.867274000000000000e+12 1.062183800000000000e+10
8.067450000000000000e+12 2.088263000000000000e+10
1.177934000000000000e+13 4.045716000000000000e+10
1.742985000000000000e+13 7.885810000000000000e+10
2.827860000000000000e+13 1.547024000000000000e+11
4.924280000000000000e+13 3.020590000000000000e+11
8.858270000000000000e+13 5.790860000000000000e+11
1.599930000000000000e+14 1.082340000000000000e+12
2.871060000000000000e+14 1.978422000000000000e+12
5.122250000000000000e+14 3.565560000000000000e+12
9.112520000000000000e+14 6.378890000000000000e+12
1.619609000000000000e+15 1.137317000000000000e+13
2.878260000000000000e+15 2.024720000000000000e+13
5.115690000000000000e+15 3.602230000000000000e+13
9.093880000000000000e+15 6.407060000000000000e+13
1.616775000000000000e+16 1.139452000000000000e+14
2.874750000000000000e+16 2.026380000000000000e+14
1.437050000000000305e+11 3.204000000000000000e+09
2.555470000037056885e+11 5.697610000003118515e+09
4.544831075000000000e+11 1.013196743170000076e+10
8.283185000000000000e+11 1.804287620000000000e+10
2.725440000000000000e+12 3.292081200000000000e+10
7.788593000000000000e+12 6.226759000000000000e+10
1.123624000000000000e+13 1.173159000000000000e+11
1.620242000000000000e+13 2.234004000000000000e+11
2.563882000000000000e+13 4.318490000000000000e+11
4.419360000000000000e+13 8.441420000000000000e+11
8.044210000000000000e+13 1.651073000000000000e+12
1.493472000000000000e+14 3.186280000000000000e+12
2.757790000000000000e+14 6.004360000000000000e+12
5.019450000000000000e+14 1.104643000000000000e+13
9.028030000000000000e+14 1.998356000000000000e+13
1.613007000000000000e+15 3.581790000000000000e+13
2.873210000000000000e+15 6.391510000000000000e+13
5.111890000000000000e+15 1.138278000000000000e+14
9.091010000000000000e+15 2.025450000000000000e+14
1.616560000000000000e+16 3.602780000000000000e+14
2.874510000000000000e+16 6.407470000000000000e+14
1.437050000000000305e+11 1.013190000000000000e+10
2.555470000037057190e+11 1.801740000000986099e+10
4.544655499000000000e+11 3.204013221000000000e+10
8.238435800000000000e+11 5.702145220000000000e+10
2.644314000000000000e+12 1.028949800000000000e+11
7.622066000000000000e+12 1.897872100000000000e+11
1.089590000000000000e+13 3.499356000000000000e+11
1.537931000000000000e+13 6.513701000000000000e+11
2.367538000000000000e+13 1.230687000000000000e+12
3.980032000000000000e+13 2.363837000000000000e+12
7.160930000000000000e+13 4.603010000000000000e+12
1.341508000000000000e+14 9.008900000000000000e+12
2.543870000000000000e+14 1.748266000000000000e+13
4.776140000000000000e+14 3.321860000000000000e+13
8.796400000000000000e+14 6.156170000000000000e+13
1.593452000000000000e+15 1.118882000000000000e+14
2.857730000000000000e+15 2.010252000000000000e+14
5.099990000000000000e+15 3.591160000000000000e+14
9.081990000000000000e+15 6.398690000000000000e+14
1.615881000000000000e+16 1.138821000000000000e+15
2.874000000000000000e+16 2.025860000000000000e+15
1.437050000000000000e+11 3.204000000000000000e+10
2.555470000037057495e+11 5.697610000003118896e+10
4.544539564000000000e+11 1.013192485190000000e+11
8.213228800000000000e+11 1.802546972000000000e+11
2.598261000000000000e+12 3.232122200000000000e+11
7.525212000000000000e+12 5.870624000000000000e+11
1.069271000000000000e+13 1.066830900000000000e+12
1.486924000000000000e+13 1.951856000000000000e+12
2.238675000000000000e+13 3.611724000000000000e+12
3.664905000000000000e+13 6.781960000000000000e+12
6.434530000000000000e+13 1.294836000000000000e+13
1.189090000000000000e+14 2.510428000000000000e+13
2.265810000000000000e+14 4.909990000000000000e+13
4.355840000000000000e+14 9.568780000000000000e+13
8.283740000000000000e+14 1.832530000000000000e+14
1.541966000000000000e+15 3.423470000000000000e+14
2.812760000000000000e+15 6.256760000000000000e+14
5.063760000000000000e+15 1.127551000000000000e+15
9.053950000000000000e+15 2.017190000000000000e+15
1.613749000000000000e+16 3.596510000000000000e+15
2.872390000000000000e+16 6.402750000000000000e+15
1.437050000000000000e+11 1.013190000000000000e+11
2.555470000037057800e+11 1.801740000000986328e+11
4.544468334600000000e+11 3.204004559890000000e+11
8.199047000000000000e+11 5.699045510000000000e+11
2.572225900000000000e+12 1.018200640000000000e+12
7.469720000000000000e+12 1.832715000000000000e+12
1.057453000000000000e+13 3.300539200000000000e+12
1.456645200000000000e+13 5.969689000000000000e+12
2.159760000000000000e+13 1.087885900000000000e+13
3.462242000000000000e+13 2.003669000000000000e+13
5.930202000000000000e+13 3.741674000000000000e+13
1.069951000000000000e+14 7.102110000000000000e+13
2.006435000000000000e+14 1.370218000000000000e+14
3.857090000000000000e+14 2.674710000000000000e+14
7.476930000000000000e+14 5.226550000000000000e+14
1.436182000000000000e+15 1.008044000000000000e+15
2.699960000000000000e+15 1.899047000000000000e+15
4.961240000000000000e+15 3.493350000000000000e+15
8.969610000000000000e+15 6.319450000000000000e+15
1.607152000000000000e+16 1.132667000000000000e+16
2.867350000000000000e+16 2.021170000000000000e+16
1.437050000000000305e+11 3.204000000000000000e+11
2.555470000037056885e+11 5.697610000003118896e+11
4.544426263700000000e+11 1.013190825294000000e+12
8.191065500000000000e+11 1.801995321000000000e+12
2.557538200000000000e+12 3.212920050000000000e+12
7.438189300000000000e+12 5.752901700000000000e+12
1.050685800000000000e+13 1.030472700000000000e+13
1.439096000000000000e+13 1.850644100000000000e+13
2.113226000000000000e+13 3.339073000000000000e+13
3.339497000000000000e+13 6.066156000000000000e+13
5.611698000000000000e+13 1.112725200000000000e+14
9.895740000000000000e+13 2.067408000000000000e+14
1.812582000000000000e+14 3.901798000000000000e+14
3.421428000000000000e+14 7.488100000000000000e+14
6.598980000000000000e+14 1.457173000000000000e+15
1.284904000000000000e+15 2.850560000000000000e+15
2.486750000000000000e+15 5.530060000000000000e+15
4.718480000000000000e+15 1.050577000000000000e+16
8.738290000000000000e+15 1.946814000000000000e+16
1.587614000000000000e+16 3.538250000000000000e+16
2.851880000000000000e+16 6.357000000000000000e+16
1.437050000000000000e+11 1.013190000000000000e+12
2.555470000037055359e+11 1.801740000000986084e+12
4.544401949000000000e+11 3.204001482220000000e+12
8.186574540000000000e+11 5.698064081000000000e+12
2.549265500000000000e+12 1.014777210000000000e+13
7.420351800000000000e+12 1.811593410000000000e+13
1.046836500000000000e+13 3.234849400000000000e+13
1.429064900000000000e+13 5.785099800000000000e+13
2.086350400000000000e+13 1.037437200000000000e+14
3.267560000000000000e+13 1.868243200000000000e+14
5.420642000000000000e+13 3.385046000000000000e+14
9.396004000000000000e+13 6.186815000000000000e+14
1.685019000000000000e+14 1.144114000000000000e+15
3.108217000000000000e+14 2.147391000000000000e+15
5.875590000000000000e+14 4.098338000000000000e+15
1.132947000000000000e+15 7.943340000000000000e+15
2.209321000000000000e+15 1.553200000000000000e+16
4.298900000000000000e+15 3.026420000000000000e+16
8.226250000000000000e+15 5.795380000000000000e+16
1.536169000000000000e+16 1.082623000000000000e+17
2.806930000000000000e+16 1.978570000000000000e+17
1.437050000000000000e+11 3.204000000000000000e+12
2.555470000037050171e+11 5.697610000003118164e+12
4.544388065500000000e+11 1.013190265044000000e+13
8.184053080000000000e+11 1.801820753100000000e+13
2.544610350000000000e+12 3.206823470000000000e+13
7.410289100000000000e+12 5.715153200000000000e+13
1.044655680000000000e+13 1.018687520000000000e+14
1.423370800000000000e+13 1.817350700000000000e+14
2.071019700000000000e+13 3.247347600000000000e+14
3.226162000000000000e+13 5.816849000000000000e+14
5.309298000000000000e+13 1.045798000000000000e+15
9.098820000000000000e+13 1.890450400000000000e+15
1.606776000000000000e+14 3.443973000000000000e+15
2.906528000000000000e+14 6.341555000000000000e+15
5.372794000000000000e+14 1.183980000000000000e+16
1.014056000000000000e+15 2.246934000000000000e+16
1.950352000000000000e+15 4.334390000000000000e+16
3.800710000000000000e+15 8.459810000000000000e+16
7.420150000000000000e+15 1.652945000000000000e+17
1.430451000000000000e+16 3.187860000000000000e+17
2.694180000000000000e+16 6.005420000000000000e+17
1.437050000000000305e+11 1.013190000000000000e+13
2.555470000037035828e+11 1.801740000000985547e+13
4.544380190100000000e+11 3.204000472816000000e+13
8.182629400000000000e+11 5.697753606000000000e+13
2.541989210000000000e+12 1.013692190000000000e+14
7.404613600000000000e+12 1.804861770000000000e+14
1.043428700000000000e+13 3.213787770000000000e+14
1.420143680000000000e+13 5.725422900000000000e+14
2.062328000000000000e+13 1.020921420000000000e+15
3.202580800000000000e+13 1.823042400000000000e+15
5.245414300000000000e+13 3.262403000000000000e+15
8.926496000000000000e+13 5.857130000000000000e+15
1.560599600000000000e+14 1.056596600000000000e+16
2.784281000000000000e+14 1.919293000000000000e+16
5.055071000000000000e+14 3.520236000000000000e+16
9.338070000000000000e+14 6.539858000000000000e+16
1.756707000000000000e+15 1.234152000000000000e+17
3.365394000000000000e+15 2.368341000000000000e+17
6.542710000000000000e+15 4.608490000000000000e+17
1.279239000000000000e+16 9.014810000000000000e+17
2.481040000000000000e+16 1.748802000000000000e+18
1.437050000000000000e+11 3.204000000000000000e+13
2.555470000036986084e+11 5.697610000003112500e+13
4.544375740170000000e+11 1.013190084229100000e+14
8.181828770000000000e+11 1.801765537700000000e+14
2.540518550000000000e+12 3.204893132000000000e+14
7.401417830000000000e+12 5.703163490000000000e+14
1.042739990000000000e+13 1.014931710000000000e+15
1.418333300000000000e+13 1.806691170000000000e+15
2.057409390000000000e+13 3.217771700000000000e+15
3.189214700000000000e+13 5.735590400000000000e+15
5.209078500000000000e+13 1.023617600000000000e+16
8.827865000000000000e+13 1.830284000000000000e+16
1.533933300000000000e+14 3.281932500000000000e+16
2.712617100000000000e+14 5.909764000000000000e+16
4.864413000000000000e+14 1.070714700000000000e+17
8.838960000000000000e+14 1.956847000000000000e+17
1.629236000000000000e+15 3.618612000000000000e+17
3.052348000000000000e+15 6.791500000000000000e+17
5.819610000000000000e+15 1.296119000000000000e+18
1.127328000000000000e+16 2.512048000000000000e+18
2.203675000000000000e+16 4.911830000000000000e+18
