25
32
16
24
10.8
17.0
1.000000000000000056e-01 1.000000000000000056e-01
1.000000000000000056e-01 1.000000000000000056e-01
1.000000000000000056e-01 1.000000000000000056e-01
1.000000000000000056e-01 1.000000000000000056e-01
1.287936756635958955e+04 3.827345146111009672e+04
1.580865950177835293e+04 5.407487951652207266e+04
1.940419154554855413e+04 7.640002359592684661e+04
2.598439434162143880e+04 1.199025273085734952e+05
3.612136120396225306e+04 1.968588284922001185e+05
7.310473050383816008e+04 4.266470367266816320e+05
9.093305885681915970e+04 5.894967944521839963e+05
1.131092493750944268e+05 8.145057641453143442e+05
1.398146379655080964e+05 1.169703650923857931e+06
1.726811901747950178e+05 1.688451602255602833e+06
2.158725592203573906e+05 2.473617747228496708e+06
2.881332576217703754e+05 3.926027006676576100e+06
4.351196754886850249e+05 6.957204213237727061e+06
1.169820276165721938e+06 1.960813304259221256e+07
1.597972563807102153e+06 2.895955500879106671e+07
2.496776371335626580e+06 4.824456410351763666e+07
6.105911145597917959e+06 1.180084442738501877e+08
1.183504013778834417e+07 2.287352003072670400e+08
2.087883196864201128e+07 4.035236075429185033e+08
3.517114798292131722e+07 6.797509580412677526e+08
5.781487154322934896e+07 1.117383645820779324e+09
9.376195207695448399e+07 1.812131333778755426e+09
1.507920132309161723e+08 2.914347778380151749e+09
2.412173139356703460e+08 4.661990389600983620e+09
3.845459668384667039e+08 7.432099733528138161e+09
6.115637483979115486e+08 1.181964431131346321e+10
9.713441756453787088e+08 1.877310946490204620e+10
1.000000000000000056e-01 1.000000000000000056e-01
1.000000000000000056e-01 1.000000000000000056e-01
1.000000000000000056e-01 1.000000000000000056e-01
1.000000000000000056e-01 1.000000000000000056e-01
1.000000000000000056e-01 1.000000000000000056e-01
1.295785643507104578e+04 8.286961266297342081e+04
1.600465984023926103e+04 1.175107505119611742e+05
1.976786344911857668e+04 1.666325694322234485e+05
2.654103755566332620e+04 2.629962184628879768e+05
3.640313441449931997e+04 4.266035829410001752e+05
7.387627998464780103e+04 9.272147002278350992e+05
9.355750808593486727e+04 1.299712955406400841e+06
1.182023870099716441e+05 1.825775561543900520e+06
1.457265192973477242e+05 2.622504699600063264e+06
1.796598102940912358e+05 3.766909276411092374e+06
2.267112603850211017e+05 5.576856788827029988e+06
2.994254231937880395e+05 8.760138499135322869e+06
4.647857728467357811e+05 1.589814614608169161e+07
1.192269406311964383e+06 4.305761719525022060e+07
1.612449017916220240e+06 6.295275634639675170e+07
2.501604558045735117e+06 1.041149579488797188e+08
6.105911796986563131e+06 2.542421638126735985e+08
1.183504013778834417e+07 4.927954539125115275e+08
2.087883196864201128e+07 8.693663639503034353e+08
3.517114798292131722e+07 1.464480075077754259e+09
5.781487154322934896e+07 2.407335408309137344e+09
9.376195207695448399e+07 3.904124374280709743e+09
1.507920132309161723e+08 6.278778367924503326e+09
2.412173139356703460e+08 1.004396501362293243e+10
3.845459668384667039e+08 1.601198657065522385e+10
6.115637483979115486e+08 2.546471288592306137e+10
9.713441756453787088e+08 4.044549348287155914e+10
1.000000000000000056e-01 1.000000000000000056e-01
1.000000000000000056e-01 1.000000000000000056e-01
1.000000000000000056e-01 1.000000000000000056e-01
1.000000000000000056e-01 1.000000000000000056e-01
1.000000000000000056e-01 1.000000000000000056e-01
1.305656826551255472e+04 1.794321157753304287e+05
1.630325368741092825e+04 2.561150232988538337e+05
2.035726964321461855e+04 3.655694794431597111e+05
2.734767593375788420e+04 5.806174025314766914e+05
3.755264596354492824e+04 9.423534652156595839e+05
7.463551749675601604e+04 2.014274058466256130e+06
9.625418632443450042e+04 2.865172770744055510e+06
1.227023084027468576e+05 4.083975440368523356e+06
1.514601225175591535e+05 5.854810754210203886e+06
1.869579228920226742e+05 8.393490477142110467e+06
2.379126643814166600e+05 1.256379404649366066e+07
3.110086612558011548e+05 1.953687329415997863e+07
4.888281847698591882e+05 3.583193028118298203e+07
1.203653466901889537e+06 9.365509282136814296e+07
1.620901724308970384e+06 1.363158456720140874e+08
2.511749833909873851e+06 2.251013786198035479e+08
6.105929763610752299e+06 5.477487332507649660e+08
1.183503867162147164e+07 1.061694494611764312e+09
2.087883049199064448e+07 1.872996335069448948e+09
3.517114779563333839e+07 3.155125613129580498e+09
5.781487154322934896e+07 5.186439669144055367e+09
9.376195207695448399e+07 8.411170407127366066e+09
1.507920132309161723e+08 1.352722180481009865e+10
2.412173139356703460e+08 2.163909319193317413e+10
3.845459668384667039e+08 3.449675866818013000e+10
6.115637483979115486e+08 5.486197814144783783e+10
9.713441756453787088e+08 8.713706781578324890e+10
1.000000000000000056e-01 1.000000000000000056e-01
1.000000000000000056e-01 1.000000000000000056e-01
1.000000000000000056e-01 1.000000000000000056e-01
1.000000000000000056e-01 1.000000000000000056e-01
1.000000000000000056e-01 1.000000000000000056e-01
1.321905266413186837e+04 3.895253508678972139e+05
1.683022957341992515e+04 5.630063309739367105e+05
2.155865241434029667e+04 8.244020649895110400e+05
2.854020005263730854e+04 1.295227685053966241e+06
4.072833929628680198e+04 2.171431645598635077e+06
7.552457073077707901e+04 4.379951557044344023e+06
9.950721083650349465e+04 6.336426176937658340e+06
1.274889034030511830e+05 9.126372232204481959e+06
1.576823129958185600e+05 1.307167204244719632e+07
1.950264781328119861e+05 1.872251160021132603e+07
2.494338235974529816e+05 2.828155286327811331e+07
3.229120846039435710e+05 4.355181907368525863e+07
5.088841234675517771e+05 8.002489064352448285e+07
1.209413856230083387e+06 2.027369420762152672e+08
1.627644914857623167e+06 2.947872961747835875e+08
2.532551834838044364e+06 4.884678933792167902e+08
6.105936535227756947e+06 1.180088388869715691e+09
1.183503580296485312e+07 2.287351165285459042e+09
2.087883049199064448e+07 4.035235790037247181e+09
3.517114779563333839e+07 6.797509544215501785e+09
5.781487154322934896e+07 1.117383645820774841e+10
9.376195207695448399e+07 1.812131333778762817e+10
1.507920132309161723e+08 2.914347778380151749e+10
2.412173139356703460e+08 4.661990389600965118e+10
3.845459668384667039e+08 7.432099733528138733e+10
6.115637483979115486e+08 1.181964431131346436e+11
9.713441756453787088e+08 1.877310946490212402e+11
1.000000000000000056e-01 1.000000000000000056e-01
1.000000000000000056e-01 1.000000000000000056e-01
1.000000000000000056e-01 1.000000000000000056e-01
1.000000000000000056e-01 1.000000000000000056e-01
1.000000000000000056e-01 1.000000000000000056e-01
1.350569843739725547e+04 8.507719271405643085e+05
1.777133257320579651e+04 1.258662469428301789e+06
2.323442247733102340e+04 1.896162048079656437e+06
3.014444031579461080e+04 2.919105410231978167e+06
4.471821778415035078e+04 5.056938023723192513e+06
7.686026353211567039e+04 9.564838397305080667e+06
1.045190014876432979e+05 1.418786971118554659e+07
1.334578301819848130e+05 2.051861265050227940e+07
1.649625819065536198e+05 2.928864197651569173e+07
2.039045097029438475e+05 4.180714181021954864e+07
2.611306166220738669e+05 6.357048989783740044e+07
3.351277223447568249e+05 9.702970229570682347e+07
5.260550727798362495e+05 1.775979087135310471e+08
1.212704459497321397e+06 4.379264200999210477e+08
1.636455066669859458e+06 6.379859472082263231e+08
2.572969306462214328e+06 1.067016207122056365e+09
6.105977283739979379e+06 2.542434864882009983e+09
1.183504577957815491e+07 4.927947038134069443e+09
2.087882753868740797e+07 8.693661794927402496e+09
3.517114742105717212e+07 1.464480051682438278e+10
5.781487154322934896e+07 2.407335408309147263e+10
9.376195207695448399e+07 3.904124374280709839e+10
1.507920132309161723e+08 6.278778367924503326e+10
2.412173139356703460e+08 1.004396501362293243e+11
3.845459668384667039e+08 1.601198657065522156e+11
6.115637483979115486e+08 2.546471288592316589e+11
9.713441756453787088e+08 4.044549348287172241e+11
1.000000000000000056e-01 1.000000000000000056e-01
1.000000000000000056e-01 1.000000000000000056e-01
1.000000000000000056e-01 1.000000000000000056e-01
1.000000000000000056e-01 1.000000000000000056e-01
1.000000000000000056e-01 1.000000000000000056e-01
1.401222921084411973e+04 1.879559757677403046e+06
1.941183230123961039e+04 2.895389202130488586e+06
2.514446918565226224e+04 4.385970936120339669e+06
3.206845651119129252e+04 6.618206948815525509e+06
4.867008890407290164e+04 1.169819005964733101e+07
7.912219915985643456e+04 2.108418977952066809e+07
1.132640438792962814e+05 3.261740445670922846e+07
1.408644827412271407e+05 4.649039663041485846e+07
1.734126096681007184e+05 6.587136826681742817e+07
2.146318200585640734e+05 9.433370666393868625e+07
2.730720953561255592e+05 1.426966803883903921e+08
3.474245768490354531e+05 2.158543675847130418e+08
5.408493160535772331e+05 3.921520097595289350e+08
1.215388629658723716e+06 9.453398819211218357e+08
1.651989335750720464e+06 1.385150110712910414e+09
2.644126231225058436e+06 2.354298098392399311e+09
6.106045752580564469e+06 5.477553696230906487e+09
1.183506289594312944e+07 1.061695682714352608e+10
2.087882310873117670e+07 1.872995672734534454e+10
3.517114685919266939e+07 3.155125529123810959e+10
5.781487154322934896e+07 5.186439669144055939e+10
9.376194413241611421e+07 8.411169694440557861e+10
1.507920023659002185e+08 1.352722083012962341e+11
2.412173139356703460e+08 2.163909319193317566e+11
3.845459668384667039e+08 3.449675866818026733e+11
6.115637483979115486e+08 5.486197814144805908e+11
9.713441756453787088e+08 8.713706781578289795e+11
1.000000000000000056e-01 1.000000000000000056e-01
1.000000000000000056e-01 1.000000000000000056e-01
1.000000000000000056e-01 1.000000000000000056e-01
1.000000000000000056e-01 1.000000000000000056e-01
1.000000000000000056e-01 1.000000000000000056e-01
1.488393238438260960e+04 4.231478726249116473e+06
2.148826950373706495e+04 6.813093112754304893e+06
2.708252385464655163e+04 1.010757259033518471e+07
3.413318593244296062e+04 1.499510163418187387e+07
5.190693895859704935e+04 2.661315134406084940e+07
8.292059466650444665e+04 4.719844855405909568e+07
1.216713771449267952e+05 7.521774307163524628e+07
1.490595756805276906e+05 1.055902624367630780e+08
1.826128513002155523e+05 1.482270414687437713e+08
2.263215573306947772e+05 2.135513640025642812e+08
2.854462331371004693e+05 3.199921716903868318e+08
3.600167521519124275e+05 4.794864711887301803e+08
5.547684485240031499e+05 8.637604428259558678e+08
1.218827257411884610e+06 2.041470208728592396e+09
1.681144297056202777e+06 3.027218270549561501e+09
2.750804734080663882e+06 5.251167769714620590e+09
6.106207627828030847e+06 1.180122902889658546e+10
1.183508131918974034e+07 2.287350112031723785e+10
2.087881277216074616e+07 4.035232365331011200e+10
3.517114554817442596e+07 6.797509109849293518e+10
5.781487154322934896e+07 1.117383645820779419e+11
9.376194413241611421e+07 1.812131180234737244e+11
1.507920023659002185e+08 2.914347568393123169e+11
2.412173139356703460e+08 4.661990389600983887e+11
3.845459668384667039e+08 7.432099733528107910e+11
6.115637483979115486e+08 1.181964431131346436e+12
9.713441756453787088e+08 1.877310946490212402e+12
1.000000000000000056e-01 1.000000000000000056e-01
1.000000000000000056e-01 1.000000000000000056e-01
1.000000000000000056e-01 1.000000000000000056e-01
1.000000000000000056e-01 1.000000000000000056e-01
1.000000000000000056e-01 1.000000000000000056e-01
1.624508099285832759e+04 9.753986958222486079e+06
2.303229204598236902e+04 1.570662947582165338e+07
2.885351706294584801e+04 2.302388482869755477e+07
3.614600949135368865e+04 3.375003360339986533e+07
5.435609075640267110e+04 5.957285565432354808e+07
8.873179427172899887e+04 1.076329776878341883e+08
1.284670867048762884e+05 1.711871294832246900e+08
1.570811334835570597e+05 2.385823052586868703e+08
1.920685144294043421e+05 3.325104904462295175e+08
2.385118795619678567e+05 4.828902417145431638e+08
2.987408350953625632e+05 7.174856192588149309e+08
3.800507483019774663e+05 1.081786095510777235e+09
5.699860712789403042e+05 1.904267552173151970e+09
1.224252082557386253e+06 4.414140088507313728e+09
1.733650659230070421e+06 6.690055714215463638e+09
2.879749903984148055e+06 1.177932233594985199e+10
6.106545185083985329e+06 2.542594080611166763e+10
1.183511383065642044e+07 4.927945431318067169e+10
2.087879227974299341e+07 8.693627289358467102e+10
3.517127005191126466e+07 1.464484906458973389e+11
5.781490563303910941e+07 2.407336827764755859e+11
9.376193601136179268e+07 3.904118618324089355e+11
1.507920023659002185e+08 6.278770833710532227e+11
2.412173139356703460e+08 1.004396501362297363e+12
3.845459668384667039e+08 1.601198657065515625e+12
6.115637483979115486e+08 2.546471288592306152e+12
9.713441756453787088e+08 4.044549348287172363e+12
1.000000000000000056e-01 1.000000000000000056e-01
1.000000000000000056e-01 1.000000000000000056e-01
1.000000000000000056e-01 1.000000000000000056e-01
1.000000000000000056e-01 1.000000000000000056e-01
1.000000000000000056e-01 1.000000000000000056e-01
1.794447262673931982e+04 2.277512821233788505e+07
2.426676227369235494e+04 3.547461258023365587e+07
3.039068427360710120e+04 5.168738149388108402e+07
3.896258171456833952e+04 7.727453061025607586e+07
5.638561296710367606e+04 1.319785926930507720e+08
9.618525292332819663e+04 2.483487006090184152e+08
1.341477452260621358e+05 3.844534661207627058e+08
1.646552232062784606e+05 5.347918939338009953e+08
2.021006203527475882e+05 7.439193427052242756e+08
2.516456281538648473e+05 1.091565157782655716e+09
3.138464362775660702e+05 1.611391366552004337e+09
4.082285391402358073e+05 2.478405104432460308e+09
5.879555852976934984e+05 4.210520800006998539e+09
1.232927456318142358e+06 9.564795156530174255e+09
1.822006978248086758e+06 1.502882123720279884e+10
3.005055314550177194e+06 2.635557408556135941e+10
6.107288708289496601e+06 5.478286012765492249e+10
1.183520348932959139e+07 1.061695293909216919e+11
2.087889250840334594e+07 1.872991870736064453e+11
3.517126864060755819e+07 3.155126319352388916e+11
5.781501071613974124e+07 5.186448840034573364e+11
9.376201722172050178e+07 8.411176251119345703e+11
1.507920023659002185e+08 1.352722083012962402e+12
2.412173139356703460e+08 2.163909319193317627e+12
3.845459668384667039e+08 3.449675866818012695e+12
6.115637483979115486e+08 5.486197814144805664e+12
9.713441756453787088e+08 8.713706781578290039e+12
1.000000000000000056e-01 1.000000000000000056e-01
1.000000000000000056e-01 1.000000000000000056e-01
1.000000000000000056e-01 1.000000000000000056e-01
1.000000000000000056e-01 1.000000000000000056e-01
1.211992059456920833e+04 2.835891617037672922e+07
1.951440982525730215e+04 5.253635324508672208e+07
2.529464828109365408e+04 7.874456449608933926e+07
3.185529983127730156e+04 1.147492661388885379e+08
4.179540183964296739e+04 1.757526266374138892e+08
5.852234444011106098e+04 2.913252530264004469e+08
1.037228417050940916e+05 5.703599387521718740e+08
1.390138647953706386e+05 8.537340360743212700e+08
1.725280621754175518e+05 1.193624909883359671e+09
2.142056662019143114e+05 1.682886005961588383e+09
2.664554862961352919e+05 2.471175008405306339e+09
3.314502713032127940e+05 3.628710382363475323e+09
4.376713115954175591e+05 5.666446124444525719e+09
6.088981824062003288e+05 9.337105434706535339e+09
1.246307188778598327e+06 2.078868900834069061e+10
1.962273571738740196e+06 3.450087380555820465e+10
3.108637116535768844e+06 5.852974856962943268e+10
6.108859502535181120e+06 1.180456558860863342e+11
1.183539552548853122e+07 2.287350953952145081e+11
2.087908576251258329e+07 4.035245015284861450e+11
3.517139200666887313e+07 6.797516204976461182e+11
5.781503478328025341e+07 1.117385475153583252e+12
9.376208854627881944e+07 1.812133971320131836e+12
1.507921110159375966e+08 2.914349668260953613e+12
2.412173139356703460e+08 4.661990389601002930e+12
3.845459668384667039e+08 7.432099733528138672e+12
6.115637483979115486e+08 1.181964431131341602e+13
9.713441756453787088e+08 1.877310946490212500e+13
1.000000000000000056e-01 1.000000000000000056e-01
1.000000000000000056e-01 1.000000000000000056e-01
1.000000000000000056e-01 1.000000000000000056e-01
1.000000000000000056e-01 1.000000000000000056e-01
1.354399331962905671e+04 6.585135416205910593e+07
2.068859855597587739e+04 1.179490888932423294e+08
2.636526053764046810e+04 1.730493496434694231e+08
3.359951914272473368e+04 2.538898578447905183e+08
4.477625409586739988e+04 3.969989394340391755e+08
6.121492634356579947e+04 6.437924453632388115e+08
1.098953508204646205e+05 1.288058888425989628e+09
1.438826240044737351e+05 1.885071814078202486e+09
1.819089190501729609e+05 2.668609467980421066e+09
2.280704478734498844e+05 3.833492640474650860e+09
2.831779661118260119e+05 5.601392176936417580e+09
3.516008375435197377e+05 8.184597510003253937e+09
4.674447593391151167e+05 1.290594531446417236e+10
6.320108751534504117e+05 2.073643195223186874e+10
1.266025821288844105e+06 4.536028824398406219e+10
2.142204941521675326e+06 8.034068978883164978e+10
3.186491649688171688e+06 1.289301490380066528e+11
6.112194765209961683e+06 2.544133750923316345e+11
1.183582198422228545e+07 4.927960377950258789e+11
2.087930984002333879e+07 8.693632328651397705e+11
3.517161813802570850e+07 1.464479005783312744e+12
5.781529209698024392e+07 2.407339295785165039e+12
9.376229015967786312e+07 3.904128042608451172e+12
1.507927096893834472e+08 6.278796960868745117e+12
2.412186120663239062e+08 1.004401054627243359e+13
3.845459668384667039e+08 1.601198657065522266e+13
6.115637483979115486e+08 2.546471288592305859e+13
9.713441756453787088e+08 4.044549348287155469e+13
1.000000000000000056e-01 1.000000000000000056e-01
1.000000000000000056e-01 1.000000000000000056e-01
1.000000000000000056e-01 1.000000000000000056e-01
1.000000000000000056e-01 1.000000000000000056e-01
1.490422986777255937e+04 1.510537903196193874e+08
2.140674918893997528e+04 2.550867207706449330e+08
2.777053661386022577e+04 3.796070598533546925e+08
3.602614750212516083e+04 5.649118835161726475e+08
4.819808736519403465e+04 8.952630991261403561e+08
6.463415321651492559e+04 1.425622131053324461e+09
1.146878264760995808e+05 2.861122302145330906e+09
1.496974485659039638e+05 4.159749962667404652e+09
1.941241799700963893e+05 6.006812313663069725e+09
2.433103450944364304e+05 8.723218110237565994e+09
3.017828076963242493e+05 1.269009023968228912e+10
3.764684396985532367e+05 1.859485192618426895e+10
4.971079033128913143e+05 2.926356656323870468e+10
6.619427313237022609e+05 4.637254797447530365e+10
1.292930726411032723e+06 9.935939475518353271e+10
2.268614687619739678e+06 1.824241581084077759e+11
3.242852158417173196e+06 2.820902298846619873e+11
6.119161849711962044e+06 5.485233087316638794e+11
1.183671783703953400e+07 1.061698176739350830e+12
2.088001898426175490e+07 1.872992994503576660e+12
3.517207523532968014e+07 3.155123966705107910e+12
5.781557650956206024e+07 5.186441418875396484e+12
9.376254685624545813e+07 8.411176805633747070e+12
1.507929000900910795e+08 1.352723978741640820e+13
2.412185989539785981e+08 2.163912326950118750e+13
3.845459668384667039e+08 3.449675866818012891e+13
6.115637483979115486e+08 5.486197814144783594e+13
9.713441756453787088e+08 8.713706781578290625e+13
1.000000000000000056e-01 1.000000000000000056e-01
1.000000000000000056e-01 1.000000000000000056e-01
1.000000000000000056e-01 1.000000000000000056e-01
1.000000000000000056e-01 1.000000000000000056e-01
1.615946648566940530e+04 3.403881108017484546e+08
2.243061070341518644e+04 5.507407944101605415e+08
2.974472243212712056e+04 8.372945856454331875e+08
3.939940909816630301e+04 1.283144828177285433e+09
5.201716113070143911e+04 2.012604622005230665e+09
7.164293661889439682e+04 3.276207575550442696e+09
1.177686887703862012e+05 6.208400329272308350e+09
1.576564414552240924e+05 9.219776168169528961e+09
2.098123533940018970e+05 1.366623108297197914e+10
2.601797338391865778e+05 1.980856841783866119e+10
3.226382660772587406e+05 2.871160163924740219e+10
4.071088077427157550e+05 4.272325337610800934e+10
5.271763746939406265e+05 6.610861349654949951e+10
7.223636540506153833e+05 1.071585622175045776e+11
1.326645656071703183e+06 2.182098837191969604e+11
2.348633583331376314e+06 4.054786416162864990e+11
3.287887748962098267e+06 6.145714051111226807e+11
6.133135262635850348e+06 1.183496641674900146e+12
1.183864421417797171e+07 2.287369355416371582e+12
2.088136990363556892e+07 4.035246640838475098e+12
3.517324916749775410e+07 6.797535773653831055e+12
5.781646071239800006e+07 1.117388438127959375e+13
9.376321472026380897e+07 1.812134918897463672e+13
1.507932700238427222e+08 2.914354579976423828e+13
2.412185727292802632e+08 4.662004416193495312e+13
3.845459668384667039e+08 7.432090106278189062e+13
6.115637483979115486e+08 1.181964243242833125e+14
9.713440861645721197e+08 1.877310773550721250e+14
1.000000000000000056e-01 1.000000000000000056e-01
1.000000000000000056e-01 1.000000000000000056e-01
1.000000000000000056e-01 1.000000000000000056e-01
1.247674195568588948e+04 4.688150497927548289e+08
1.735036889815039103e+04 7.539019941757960320e+08
2.385724858307507384e+04 1.195035264823480844e+09
3.239666689538173887e+04 1.864297949894731998e+09
4.298215914847677050e+04 2.899091792569591045e+09
5.612286660107372882e+04 4.498364769488065720e+09
7.925699162665598851e+04 7.503134109389719009e+09
1.218027211098825646e+05 1.340272089098121071e+10
1.692551002607736154e+05 2.065639860032492828e+10
2.248685883556178305e+05 3.103541001711995316e+10
2.791032323298064875e+05 4.486416906612995911e+10
3.464183898097557831e+05 6.485474704165281677e+10
4.385189319583420875e+05 9.758929055247814941e+10
5.590953810652660904e+05 1.490038958720325317e+11
7.831434140443736687e+05 2.457626487427900085e+11
1.367541877398809185e+06 4.800217112363420410e+11
2.400239872139974032e+06 8.892587309274780273e+11
3.337378691024422646e+06 1.338063478778459717e+12
6.159447782473647036e+06 2.556671881563452637e+12
1.184276798456254043e+07 4.928035171516953125e+12
2.088421272569278255e+07 8.693644341877738281e+12
3.517555817078333348e+07 1.464484407928013281e+13
5.781829709191946685e+07 2.407330764083484375e+13
9.376468690200695395e+07 3.904118194474431250e+13
1.507946194417541027e+08 6.278792795816417969e+13
2.412200947751793563e+08 1.004400334257894688e+14
3.845474511651054025e+08 1.601194731359529062e+14
6.115640380836262703e+08 2.546462300879301562e+14
9.713440861645721197e+08 4.044538592217105000e+14
1.000000000000000056e-01 1.000000000000000056e-01
1.000000000000000056e-01 1.000000000000000056e-01
1.000000000000000056e-01 1.000000000000000056e-01
1.339679577465386501e+04 1.051478304991853595e+09
1.849823730118146341e+04 1.645075392270116329e+09
2.567724516826109539e+04 2.613681611384155750e+09
3.573880408877821174e+04 4.185481348670030594e+09
4.668783270352710679e+04 6.480206453130907059e+09
6.065599083076892566e+04 1.000364868973501205e+10
8.698424490139781847e+04 1.698947983055563545e+10
1.284958302613635751e+05 2.919725291389187622e+10
1.855955229293788725e+05 4.699030383957638550e+10
2.412509190515563532e+05 7.004738858996717834e+10
3.004782044318154803e+05 1.012239454129882355e+11
3.746401896632063435e+05 1.468651688874642639e+11
4.721402344594020396e+05 2.219764808715162964e+11
5.950146491111255018e+05 3.355020011440453491e+11
8.451657698607629864e+05 5.596971891743945312e+11
1.417207514360149624e+06 1.057921684640322144e+12
2.442900164411894046e+06 1.937806202997491943e+12
3.412664796639993787e+06 2.924847769488784180e+12
6.203897824063059874e+06 5.532106825879474609e+12
1.185150716788874380e+07 1.061731948999444531e+13
2.089033373709815368e+07 1.872978612130687109e+13
3.518066808331469446e+07 3.155164359778166797e+13
5.782230100303696841e+07 5.186452264803574219e+13
9.376775316438329220e+07 8.411173818899820312e+13
1.507967904455745220e+08 1.352721993120303594e+14
2.412215236250127554e+08 2.163907657305835000e+14
3.845488612287715673e+08 3.449672471073401875e+14
6.115655862883201838e+08 5.486200349870775000e+14
9.713456908742804527e+08 8.713709990877173750e+14
1.000000000000000056e-01 1.000000000000000056e-01
1.000000000000000056e-01 1.000000000000000056e-01
1.000000000000000056e-01 1.000000000000000056e-01
1.419550051131659711e+04 2.321696922059741020e+09
1.958660696411301979e+04 3.549229456201934338e+09
2.783962628646444136e+04 5.755548908724523544e+09
3.896395153808246687e+04 9.313356309626743317e+09
5.073878073459834559e+04 1.439019108060939789e+10
6.636517473210774187e+04 2.233855416613851929e+10
9.495902036225079792e+04 3.812131390329056549e+10
1.383981013344446255e+05 6.453820306331152344e+10
2.064323549832609715e+05 1.081351921298933105e+11
2.591838759514546546e+05 1.569116129816576538e+11
3.254154687072494416e+05 2.276895597404605408e+11
4.078391029130577808e+05 3.356768887777848511e+11
5.101140232106580515e+05 5.037437285853796997e+11
6.380367032428364037e+05 7.559583414069536133e+11
9.077274449547696859e+05 1.265755759048353271e+12
1.476526137982367538e+06 2.336578646614457520e+12
2.494234770189631265e+06 4.219366251777472656e+12
3.541873933780606370e+06 6.456632399457875977e+12
6.269205058666214347e+06 1.198678235780286719e+13
1.186973163493804820e+07 2.287521642260987109e+13
2.090347239648876712e+07 4.035209398200918750e+13
3.519140585886829346e+07 6.797664783407978906e+13
5.783080507960065454e+07 1.117391784671764688e+14
9.377450272282046080e+07 1.812133802538185312e+14
1.508021330806916952e+08 2.914355184914286250e+14
2.412257346980957985e+08 4.662014255475823125e+14
3.845519708097270727e+08 7.432105081761273750e+14
6.115686118779712915e+08 1.181963448936960500e+15
9.713479344851229191e+08 1.877307827713023500e+15
1.000000000000000056e-01 1.000000000000000056e-01
1.000000000000000056e-01 1.000000000000000056e-01
1.000000000000000056e-01 1.000000000000000056e-01
1.487562771410272035e+04 5.069271379932611465e+09
2.057875940939378052e+04 7.602652888851347923e+09
3.030574741948176597e+04 1.273140902121757126e+10
4.216677529969379975e+04 2.054435860786949158e+10
5.548101809899159707e+04 3.194575806996083832e+10
7.454650920278437843e+04 5.108176227128441620e+10
1.032513428469708015e+05 8.505116881192582703e+10
1.516381426236097177e+05 1.447019391792119446e+11
2.198082907560222375e+05 2.389098312021896667e+11
2.798944551222391310e+05 3.501891145073717651e+11
3.564056011660200893e+05 5.132999981724241943e+11
4.453183860782987322e+05 7.651186448834410400e+11
5.549658708451612620e+05 1.143110496502846191e+12
7.087631795171179110e+05 1.747064344660305908e+12
9.691723437849096954e+05 2.844627570952334961e+12
1.547846915041304426e+06 5.176487628309562500e+12
2.570162027991652023e+06 9.227320887677433594e+12
3.794708972733041272e+06 1.461633982540668164e+13
6.352845411308361217e+06 2.597600684603412109e+13
1.190637935554318316e+07 4.928738194208960156e+13
2.093107673034473509e+07 8.693610492116878125e+13
3.521424163718637079e+07 1.464546714756398750e+14
5.784903062670376152e+07 2.407354373479507812e+14
9.378900595277351141e+07 3.904128411520183750e+14
1.508133730613453090e+08 6.278786859501006250e+14
2.412340490188045800e+08 1.004398486751728125e+15
3.845578263430834413e+08 1.601197986269578500e+15
6.115734463178986311e+08 2.546469015428460000e+15
9.713517827836810350e+08 4.044545273429095500e+15
1.000000000000000056e-01 1.000000000000000056e-01
1.000000000000000056e-01 1.000000000000000056e-01
1.000000000000000056e-01 1.000000000000000056e-01
1.543686063052809186e+04 1.098926926132078552e+10
2.167277235774232031e+04 1.650931515074579620e+10
3.303373968121030339e+04 2.823375336019857788e+10
4.572513063253922883e+04 4.533531255910150909e+10
6.129718958114690031e+04 7.128612596204676819e+10
8.293233847278938629e+04 1.157743883773984833e+11
1.124845925870508072e+05 1.896849910090649109e+11
1.677280933945032884e+05 3.271727355811726685e+11
2.350030822386173822e+05 5.265078597268136597e+11
3.055953478461035411e+05 7.846765979951147461e+11
3.922776029706917470e+05 1.169459968580936035e+12
4.887795050299468567e+05 1.743011610557815918e+12
6.090212714876030805e+05 2.597856751117239258e+12
7.863478888355584349e+05 4.032064823362929688e+12
1.031989521226059645e+06 6.375221090004659180e+12
1.635876761780034285e+06 1.152008942903394336e+13
2.684542572889109142e+06 2.036930076104980469e+13
4.135122403561220970e+06 3.355603819773567969e+13
6.449968898515067995e+06 5.621641118267739844e+13
1.197523158985555544e+07 1.062046289286258594e+14
2.098672406134924665e+07 1.872963983123603750e+14
3.526200361044979095e+07 3.155444992545068125e+14
5.788759327852682769e+07 5.186541042756077500e+14
9.381985458884839714e+07 8.411197345360815000e+14
1.508374670349112451e+08 1.352722601926205250e+15
2.412524351802940667e+08 2.163908981314950500e+15
3.845724391582698226e+08 3.449673668568116000e+15
6.115850814535127878e+08 5.486194430547024000e+15
9.713619603524397612e+08 8.713708342401226000e+15
1.000000000000000056e-01 1.000000000000000056e-01
1.000000000000000056e-01 1.000000000000000056e-01
1.000000000000000056e-01 1.000000000000000056e-01
1.588349141200838676e+04 2.372573499326689529e+10
2.274636585412452769e+04 3.595769452888497162e+10
3.593682946137794352e+04 6.265985516607545471e+10
4.980698018158127525e+04 1.004861027689015503e+11
6.835931094355086680e+04 1.609427792373968201e+11
9.206670480507051980e+04 2.615862462386262817e+11
1.263611546689830429e+05 4.304727785633261108e+11
1.852622711175474979e+05 7.397648587975838623e+11
2.540387815910739300e+05 1.166808777935304688e+12
3.393175898997447803e+05 1.779457237758197998e+12
4.319587595618641935e+05 2.667772485568017090e+12
5.401743944347528741e+05 3.974241817986861816e+12
6.777184176978854230e+05 5.957553156581987305e+12
8.656782657730630599e+05 9.240690539910253906e+12
1.105767292524621356e+06 1.433312627014431836e+13
1.737858622654956533e+06 2.571022161912057031e+13
2.843191035721039865e+06 4.547820938612153125e+13
4.425113278784013353e+06 7.575419995334462500e+13
6.577398779126251116e+06 1.217580468356646719e+14
1.209028464679031074e+07 2.288897397224851250e+14
2.109260131143774092e+07 4.035151898764403125e+14
3.535777544832284749e+07 6.798929240045395000e+14
5.796740560484940559e+07 1.117426439692255250e+15
9.388502323761680722e+07 1.812141247385238500e+15
1.508895172556105852e+08 2.914355796535017000e+15
2.412932614036131203e+08 4.662008041353941000e+15
3.846035050492044687e+08 7.432104836103704000e+15
6.116097276714278460e+08 1.181965925991052400e+16
9.713820776844985485e+08 1.877312701062123200e+16
1.000000000000000056e-01 1.000000000000000056e-01
1.000000000000000056e-01 1.000000000000000056e-01
1.000000000000000056e-01 1.000000000000000056e-01
1.622669231462660719e+04 5.112074391467895508e+10
2.374645406423689201e+04 7.835349151820794678e+10
3.824991915131761198e+04 1.375551221442910156e+11
5.455290523041340930e+04 2.241875885463995361e+11
7.587120866872149054e+04 3.646757826900684814e+11
1.028497102999199997e+05 5.920346284242436523e+11
1.434396851943585207e+05 9.851804402085804443e+11
2.038226154978376580e+05 1.666253789084851562e+12
2.797652156076557003e+05 2.617626991563793457e+12
3.790863600196714397e+05 4.073782628243052246e+12
4.782303164407978766e+05 6.084360023534583008e+12
6.033037842648766236e+05 9.087239127422849609e+12
7.597674228833130328e+05 1.380989927481515430e+13
9.559614125956093194e+05 2.117373173165905469e+13
1.235038154359302716e+06 3.308442966142588281e+13
1.840701009232528042e+06 5.726429220742172656e+13
3.031890378445948474e+06 1.021644901767717812e+14
4.645629496562230401e+06 1.681670240790076562e+14
6.799093056313449517e+06 2.662934774641624062e+14
1.225266792267938703e+07 4.934675331686544375e+14
2.127252154409217834e+07 8.693400881307352500e+14
3.553874520746769756e+07 1.465108123917927750e+15
5.812711178332010657e+07 2.407534831108327000e+15
9.402004428341610730e+07 3.904168309526291500e+15
1.509989464255703092e+08 6.278791838549596000e+15
2.413789153554141819e+08 1.004399209993824200e+16
3.846682340534603000e+08 1.601198095512314800e+16
6.116633395763925314e+08 2.546465927638168400e+16
9.714260507822767496e+08 4.044543164867152000e+16
1.000000000000000056e-01 1.000000000000000056e-01
1.000000000000000056e-01 1.000000000000000056e-01
1.174295919301146387e+04 7.659813826188380432e+10
1.648265248640037680e+04 1.100593370814431000e+11
2.463507716442474339e+04 1.706224063140280457e+11
4.038252073989026394e+04 3.015996864755207520e+11
6.003186082275317312e+04 5.035503503928687134e+11
8.417590992652079149e+04 8.253077299930921631e+11
1.162101833731771039e+05 1.346133871848360107e+12
1.619790292244623997e+05 2.246476372083130859e+12
2.256408352242943947e+05 3.709345523651113281e+12
3.138252594389768201e+05 5.951877160390281250e+12
4.179255051966339233e+05 9.234544396911787109e+12
5.351815170535676880e+05 1.389997153488137305e+13
6.821834219701536931e+05 2.097218119736324609e+13
8.534859077528249472e+05 3.194830584652491797e+13
1.067804011755260872e+06 4.866895993590910938e+13
1.415768960261856206e+06 7.763226673636170312e+13
1.942610932108979207e+06 1.272450974273677500e+14
3.221905041089343373e+06 2.289230634022099688e+14
4.823889289073438384e+06 3.700105095031169375e+14
7.121093217778449878e+06 5.887627395299087500e+14
1.244336097488822043e+07 1.064619803699382375e+15
2.153045103752307594e+07 1.873016842243513500e+15
3.584561372294231504e+07 3.157689533119470500e+15
5.842457657170935720e+07 5.187328548643865000e+15
9.428865856487822533e+07 8.411392099067854000e+15
1.512257374461616278e+08 1.352725934153428800e+16
2.415606134016793370e+08 2.163908977652558000e+16
3.848082874774208665e+08 3.449662228057132400e+16
6.117787100988497734e+08 5.486201479510568000e+16
9.715219599354633093e+08 8.713708037719256000e+16
1.000000000000000056e-01 1.000000000000000056e-01
1.000000000000000056e-01 1.000000000000000056e-01
1.184925923116308695e+04 1.656609714440497437e+11
1.666880815417766644e+04 2.369010239898230591e+11
2.538577809601592890e+04 3.710244906470988159e+11
4.253451229141566000e+04 6.627765299585910645e+11
6.598515373880499101e+04 1.135296745887705566e+12
9.364680147648816637e+04 1.869225615018549072e+12
1.318428059095068020e+05 3.084481014416616699e+12
1.832792548608077923e+05 5.107787951943569336e+12
2.550786116929221316e+05 8.364312747053017578e+12
3.552371001995566185e+05 1.361120385742976953e+13
4.667261182519306312e+05 2.091533490236884766e+13
6.093326109971998958e+05 3.193930101430956641e+13
7.721777224181063939e+05 4.861056203528139844e+13
9.685119847679304658e+05 7.389790997820195312e+13
1.223556224230543477e+06 1.132629707636768125e+14
1.590448310205741785e+06 1.793051425537435312e+14
2.070694882273301017e+06 2.841015773414677500e+14
3.398840162002015393e+06 5.097349214847045000e+14
5.025286483956175856e+06 8.158536070429360000e+14
7.581866188649957068e+06 1.319172594765990250e+15
1.264431226114105806e+07 2.300191065411508500e+15
2.182900820676640049e+07 4.036010395631168500e+15
3.629008503158705682e+07 6.807040478973183000e+15
5.891986534765919298e+07 1.117762190626631400e+16
9.478465923079052567e+07 1.812237402092789600e+16
1.516759987884529829e+08 2.914367588007865200e+16
2.419367928249407411e+08 4.661996503393536000e+16
3.851061139781701565e+08 7.432087844697209600e+16
6.120240978174744844e+08 1.181969097897988000e+17
9.717261440163729191e+08 1.877313568773376000e+17
1.000000000000000056e-01 1.000000000000000056e-01
1.000000000000000056e-01 1.000000000000000056e-01
1.192423286936852128e+04 3.578083051734627075e+11
1.680172961264792684e+04 5.099624370592363892e+11
2.599069164929560429e+04 8.054365376890787354e+11
4.463809930400246230e+04 1.457882636190902832e+12
7.108622872692639066e+04 2.539733136534151855e+12
1.044211162188430462e+05 4.238357053381652344e+12
1.486354156115105725e+05 7.022158566623283203e+12
2.089819687992171966e+05 1.159819460440239062e+13
2.908417598821780412e+05 1.897183906358080859e+13
3.993575353481953498e+05 3.057378796593364844e+13
5.311424359583365731e+05 4.755803291022893750e+13
6.969170761842653155e+05 7.356782264066007812e+13
8.828449108930771472e+05 1.121739384325744844e+14
1.118375719758839579e+06 1.710393486149030312e+14
1.414682987275399268e+06 2.651114250902999062e+14
1.789013340880226111e+06 4.121735814648466250e+14
2.406932273020322435e+06 6.636886154426255000e+14
3.565116729513085447e+06 1.128493869396566250e+15
5.328481182074571960e+06 1.820456903805588750e+15
8.121998423941914923e+06 2.972105486086351000e+15
1.287479613452928141e+07 4.984963357332099000e+15
2.211269574450874329e+07 8.699809864835630000e+15
3.680702979457578063e+07 1.467371495374441800e+16
5.962407866808632016e+07 2.408780227707768000e+16
9.559766261141939461e+07 3.904564634800610400e+16
1.525048171504185796e+08 6.278852524096801600e+16
2.426854773878031969e+08 1.004397309196983360e+17
3.857229466323289275e+08 1.601191713525577920e+17
6.125407061724293232e+08 2.546479573027663360e+17
9.721600154369741678e+08 4.044549343862878080e+17
1.000000000000000056e-01 1.000000000000000056e-01
1.000000000000000056e-01 1.000000000000000056e-01
1.197657509125306569e+04 7.721680831170052490e+11
1.689531661884742061e+04 1.097937592526857910e+12
2.645834376611424159e+04 1.745531323225795410e+12
4.660053952136052976e+04 3.204774100489174805e+12
7.621878425626843818e+04 5.666202933979075195e+12
1.162699700417777785e+05 9.608408225535324219e+12
1.672193553972673544e+05 1.591392581562244922e+13
2.378528406100648281e+05 2.623403803404658203e+13
3.332259662218883750e+05 4.296874465178539844e+13
4.548308927211858099e+05 6.863549572571167969e+13
6.143637348466453841e+05 1.085377612772182188e+14
7.982567722111085895e+05 1.678649399908954062e+14
1.027135003348351573e+06 2.581760167857280000e+14
1.305311519059089711e+06 3.979872191392271250e+14
1.639591427219446748e+06 6.148343833982677500e+14
2.059477763706005178e+06 9.498328107779865000e+14
2.777514597799317911e+06 1.538532846735906250e+15
3.780697579657691997e+06 2.496140020457317000e+15
5.763521697865326889e+06 4.114051004215773500e+15
8.618714133931152523e+06 6.650326123303082000e+15
1.321397575415060110e+07 1.087029533807308000e+16
2.235969779826002195e+07 1.876552111031023600e+16
3.726815404104518145e+07 3.161614611784661200e+16
6.044490100929408520e+07 5.191428586872016000e+16
9.672815100381942093e+07 8.413015331484003200e+16
1.538494207260097563e+08 1.352755843690967200e+17
2.440622359383665621e+08 2.163898889202320640e+17
3.869515058588225245e+08 3.449648608402915840e+17
6.136017779407041073e+08 5.486222988730368000e+17
9.730708389670014381e+08 8.713704015225582080e+17
1.000000000000000056e-01 1.000000000000000056e-01
1.000000000000000056e-01 1.000000000000000056e-01
1.201284514293885150e+04 1.665444119409255615e+12
1.696054552507534390e+04 2.364206835714852051e+12
2.680783539298234246e+04 3.777286450273522461e+12
4.833476661754767701e+04 7.030529038048125977e+12
8.120496074508324091e+04 1.260035753373939062e+13
1.267722743635900697e+05 2.156728661054143750e+13
1.876047093435507559e+05 3.592783290503757031e+13
2.695264889863863355e+05 5.913029035281794531e+13
3.818120675381575129e+05 9.663825192040090625e+13
5.239495734192276141e+05 1.545447899359826562e+14
7.090646144735021517e+05 2.451117398036351250e+14
9.298158092615184141e+05 3.815328315263609375e+14
1.211366050150265452e+06 5.931963291497713750e+14
1.532724520021832315e+06 9.175281870557125000e+14
1.939334897147506475e+06 1.419189453259729500e+15
2.475284718475735746e+06 2.228226071632903750e+15
3.169235077519671526e+06 3.517292665886501000e+15
4.280785956206956878e+06 5.647294208486193000e+15
6.251549494928500615e+06 9.294796570799214000e+15
9.096613075852196664e+06 1.477203258750349200e+16
1.378330516101580486e+07 2.394320797162442400e+16
2.261170225091586262e+07 4.053571185475767200e+16
3.763305410907436162e+07 6.813743278444755200e+16
6.121320827846898884e+07 1.118915562842710240e+17
9.801963817645300925e+07 1.812817296520088320e+17
1.556843448616147637e+08 2.914519441331467520e+17
2.462890918307065368e+08 4.661964800794547200e+17
3.892225405227290392e+08 7.432031299039175680e+17
6.156874046195440292e+08 1.181983078733117184e+18
9.749335909550256729e+08 1.877314084307282944e+18
1.000000000000000056e-01 1.000000000000000056e-01
