3.149752000000000000e+11 3.210369999999999709e+04
1.148341100000000000e+12 8.475710000000000582e+04
2.568002000000000000e+12 2.015977000000000116e+05
3.132760000000000000e+12 3.605810999999999767e+05
1.055565200000000000e+13 8.460230000000000000e+05
3.704986100000000000e+13 2.301560000000000000e+06
9.279478000000000000e+13 5.780917000000000000e+06
1.194727300000000000e+14 1.080973100000000000e+07
1.566188500000000000e+14 1.941200000000000000e+07
3.664236200000000000e+14 3.987030000000000000e+07
4.707514000000000000e+14 7.092347000000000000e+07
6.555598000000000000e+14 1.261217100000000000e+08
9.841990000000000000e+14 2.242800000000000000e+08
1.568609700000000000e+15 3.988320000000000000e+08
2.607862000000000000e+15 7.092357000000000000e+08
4.455937000000000000e+15 1.261217100000000000e+09
7.742329000000000000e+15 2.242800000000000000e+09
1.358649700000000000e+16 3.988320000000000000e+09
2.397892000000000000e+16 7.092357000000000000e+09
4.245967000000000000e+16 1.261217100000000191e+10
7.532359000000000000e+16 2.242800000000000000e+10
3.129905000000000000e+11 6.905020000000001164e+04
1.098268300000000000e+12 1.789096000000000058e+05
2.541467000000000000e+12 4.318820000000000000e+05
3.125706000000000000e+12 7.765010000000000000e+05
9.602910000000000000e+12 1.768520000000000000e+06
3.407086600000000000e+13 4.787226000000000000e+06
8.835621000000000000e+13 1.218743000000000000e+07
1.194553800000000000e+14 2.328707000000000000e+07
1.520830100000000000e+14 4.161690000000000000e+07
3.659613600000000000e+14 8.586576000000000000e+07
4.707506000000000000e+14 1.528003000000000000e+08
6.555599000000000000e+14 2.717217000000000000e+08
9.841990000000000000e+14 4.831970000000000000e+08
1.568609700000000000e+15 8.592586000000001192e+08
2.607862000000000000e+15 1.528003000000000000e+09
4.455937000000000000e+15 2.717217000000000000e+09
7.742329000000000000e+15 4.831970000000000000e+09
1.358649700000000000e+16 8.592586000000000000e+09
2.397892000000000000e+16 1.528002999999999809e+10
4.245967000000000000e+16 2.717217000000000000e+10
7.532359000000000000e+16 4.831970000000000000e+10
3.117612000000000000e+11 1.485454000000000233e+05
1.028610500000000000e+12 3.736250000000000000e+05
2.489203000000000000e+12 9.200670000000000000e+05
3.121920000000000000e+12 1.672377000000000000e+06
8.851495000000000000e+12 3.712293000000000000e+06
3.117381600000000000e+13 9.938030000000000000e+06
8.385127000000000000e+13 2.566021000000000000e+07
1.194177800000000000e+14 5.016227000000000745e+07
1.497743400000000000e+14 8.943573000000000000e+07
3.649799500000000000e+14 1.848450000000000000e+08
4.707481000000000000e+14 3.291971000000000000e+08
6.555591000000000000e+14 5.854057000000000000e+08
9.841991000000000000e+14 1.041015300000000000e+09
1.568609800000000000e+15 1.851220000000000000e+09
2.607862000000000000e+15 3.291981000000000477e+09
4.455937000000000000e+15 5.854057000000000000e+09
7.742329000000000000e+15 1.041015300000000000e+10
1.358649700000000000e+16 1.851220000000000000e+10
2.397892000000000000e+16 3.291981000000000000e+10
4.245967000000000000e+16 5.854057000000000000e+10
7.532359000000000000e+16 1.041015300000000000e+11
3.105478000000000000e+11 3.193380000000000000e+05
9.307213000000000000e+11 7.683340000000000000e+05
2.394470000000000000e+12 1.941586999999999767e+06
3.119071000000000000e+12 3.601561000000000000e+06
8.156522000000000000e+12 7.784980000000000000e+06
2.838929700000000000e+13 2.059840000000000000e+07
7.926287000000000000e+13 5.393687000000000000e+07
1.193367700000000000e+14 1.080332100000000000e+08
1.486520300000000000e+14 1.924470000000000000e+08
3.629222900000000000e+14 3.975740000000000000e+08
4.707433000000000000e+14 7.092297000000000000e+08
6.555595000000000000e+14 1.261217100000000000e+09
9.841993000000000000e+14 2.242800000000000000e+09
1.568609800000000000e+15 3.988320000000000000e+09
2.607862000000000000e+15 7.092357000000000000e+09
4.455937000000000000e+15 1.261217100000000191e+10
7.742329000000000000e+15 2.242800000000000000e+10
1.358649700000000000e+16 3.988320000000000000e+10
2.397892000000000000e+16 7.092357000000000000e+10
4.245967000000000000e+16 1.261217100000000000e+11
7.532359000000000000e+16 2.242800000000000000e+11
3.086380000000000000e+11 6.851600000000000000e+05
8.107783000000000000e+11 1.557860000000000000e+06
2.244322000000000000e+12 4.043870000000000000e+06
3.115415000000000000e+12 7.753650000000000000e+06
7.380169000000000000e+12 1.622540000000000000e+07
2.578102600000000000e+13 4.265626000000000000e+07
7.460308000000000000e+13 1.131653000000000000e+08
1.191641300000000000e+14 2.325757000000000000e+08
1.481175300000000000e+14 4.143670000000000000e+08
3.587411500000000000e+14 8.536406000000000000e+08
4.707337000000000000e+14 1.527973000000000000e+09
6.555584000000000000e+14 2.717207000000000000e+09
9.841986000000000000e+14 4.831960000000000000e+09
1.568610000000000000e+15 8.592586000000000000e+09
2.607862000000000000e+15 1.528002999999999809e+10
4.455937000000000000e+15 2.717217000000000000e+10
7.742329000000000000e+15 4.831970000000000000e+10
1.358649700000000000e+16 8.592586000000000000e+10
2.397892000000000000e+16 1.528003000000000000e+11
4.245967000000000000e+16 2.717217000000000000e+11
7.532359000000000000e+16 4.831970000000000000e+11
3.050121000000000000e+11 1.463916000000000000e+06
6.879010000000000000e+11 3.139900000000000000e+06
2.045744000000000000e+12 8.313270000000000000e+06
3.108761000000000000e+12 1.667967000000000000e+07
6.509154000000000000e+12 3.359413000000000000e+07
2.330033500000000000e+13 8.817270000000000000e+07
7.005681000000000000e+13 2.371421000000000000e+08
1.188014900000000000e+14 5.002767000000000596e+08
1.478627600000000000e+14 8.924512999999998808e+08
3.507316000000000000e+14 1.827090000000000000e+09
4.707129000000000000e+14 3.291861000000000477e+09
6.555574000000000000e+14 5.854037000000000954e+09
9.841974000000000000e+14 1.041014300000000000e+10
1.568610300000000000e+15 1.851220000000000000e+10
2.607862000000000000e+15 3.291981000000000000e+10
4.455937000000000000e+15 5.854057000000000000e+10
7.742330000000000000e+15 1.041015300000000000e+11
1.358649700000000000e+16 1.851220000000000000e+11
2.397892000000000000e+16 3.291981000000000000e+11
4.245967000000000000e+16 5.854057000000000000e+11
7.532359000000000000e+16 1.041015300000000000e+12
2.980609000000000000e+11 3.102810000000000000e+06
5.821330000000000000e+11 6.358950000000000000e+06
1.830609000000000000e+12 1.696537000000000000e+07
3.095233000000000000e+12 3.582261000000000000e+07
5.667101000000000000e+12 6.949760000000000000e+07
2.091403800000000000e+13 1.818160000000000000e+08
6.553564000000000000e+13 4.957317000000000000e+08
1.180597700000000000e+14 1.074322100000000000e+09
1.477327000000000000e+14 1.922340000000000000e+09
3.368850100000000000e+14 3.891390000000000000e+09
4.706661000000000000e+14 7.091797000000000000e+09
6.555546000000000000e+14 1.261207099999999809e+10
9.841961000000000000e+14 2.242790000000000000e+10
1.568611000000000000e+15 3.988320000000000000e+10
2.607862000000000000e+15 7.092357000000000000e+10
4.455937000000000000e+15 1.261217100000000000e+11
7.742330000000000000e+15 2.242800000000000000e+11
1.358649700000000000e+16 3.988320000000000000e+11
2.397892000000000000e+16 7.092357000000000000e+11
4.245967000000000000e+16 1.261217100000000000e+12
7.532359000000000000e+16 2.242800000000000000e+12
2.856855000000000000e+11 6.488240000000000000e+06
5.040750000000000000e+11 1.303489000000000000e+07
1.634635000000000000e+12 3.462739999999999255e+07
3.067633000000000000e+12 7.667810000000000000e+07
4.998714000000000000e+12 1.447320000000000000e+08
1.868035500000000000e+13 3.743366000000000000e+08
6.063358000000000000e+13 1.030183000000000000e+09
1.166185300000000000e+14 2.299927000000000000e+09
1.476496000000000000e+14 4.140620000000000000e+09
3.163437400000000000e+14 8.238825999999999046e+09
4.705682000000000000e+14 1.527743000000000000e+10
6.555488000000000000e+14 2.717167000000000000e+10
9.841938000000000000e+14 4.831930000000000000e+10
1.568612500000000000e+15 8.592566000000000000e+10
2.607853000000000000e+15 1.528003000000000000e+11
4.455938000000000000e+15 2.717217000000000000e+11
7.742330000000000000e+15 4.831960000000000000e+11
1.358649700000000000e+16 8.592586000000000000e+11
2.397892000000000000e+16 1.528003000000000000e+12
4.245967000000000000e+16 2.717217000000000000e+12
7.532359000000000000e+16 4.831970000000000000e+12
2.663617000000000000e+11 1.331673000000000000e+07
4.528550000000000000e+11 2.705130000000000000e+07
1.470889000000000000e+12 7.085220000000000000e+07
3.013467000000000000e+12 1.630817000000000000e+08
4.555259000000000000e+12 3.043963000000000000e+08
1.660965000000000000e+13 7.693400000000000000e+08
5.515511000000000000e+13 2.122991000000000000e+09
1.140670800000000000e+14 4.899107000000000000e+09
1.475625100000000000e+14 8.917303000000000000e+09
2.909146600000000000e+14 1.735780000000000000e+10
4.703550000000000000e+14 3.290771000000000000e+10
6.555355000000000000e+14 5.853827000000000000e+10
9.841877000000000000e+14 1.041001300000000000e+11
1.568605700000000000e+15 1.851210000000000000e+11
2.607854000000000000e+15 3.291971000000000000e+11
4.455928000000000000e+15 5.854057000000000000e+11
7.742330000000000000e+15 1.041015300000000000e+12
1.358649700000000000e+16 1.851220000000000000e+12
2.397892000000000000e+16 3.291981000000000000e+12
4.245967000000000000e+16 5.854057000000000000e+12
7.532359000000000000e+16 1.041015300000000000e+13
2.408535000000000000e+11 2.680770000000000000e+07
4.202110000000000000e+11 5.647800000000000000e+07
1.326488000000000000e+12 1.445699000000000000e+08
2.915523000000000000e+12 3.430811000000000000e+08
4.293119000000000000e+12 6.451000000000000000e+08
1.464916000000000000e+13 1.575920000000000238e+09
4.934849000000000000e+13 4.340757000000000000e+09
1.101430700000000000e+14 1.036848100000000000e+10
1.474183600000000000e+14 1.919700000000000000e+10
2.643538100000000000e+14 3.649510000000000000e+10
4.698998000000000000e+14 7.086767000000000000e+10
6.555079000000000000e+14 1.261107100000000000e+11
9.841746000000000000e+14 2.242730000000000000e+11
1.568592700000000000e+15 3.988280000000000000e+11
2.607847000000000000e+15 7.092317000000000000e+11
4.455929000000000000e+15 1.261217100000000000e+12
7.742320000000000000e+15 2.242800000000000000e+12
1.358649700000000000e+16 3.988320000000000000e+12
2.397892000000000000e+16 7.092357000000000000e+12
4.245967000000000000e+16 1.261217100000000000e+13
7.532359000000000000e+16 2.242800000000000000e+13
2.125039000000000000e+11 5.324800000000000000e+07
3.961900000000000000e+11 1.174761000000000000e+08
1.182314000000000000e+12 2.918680000000000000e+08
2.759913000000000000e+12 7.106850000000000000e+08
4.136398000000000000e+12 1.370620000000000000e+09
1.281036000000000000e+13 3.217146000000000000e+09
4.360440000000000000e+13 8.821670000000000000e+09
1.050089800000000000e+14 2.180677000000000000e+10
1.471335000000000000e+14 4.129310000000000000e+10
2.405320700000000000e+14 7.684196000000000000e+10
4.689312000000000000e+14 1.525423000000000000e+11
6.554480000000000000e+14 2.716717000000000000e+11
9.841452000000000000e+14 4.831650000000000000e+11
1.568577700000000000e+15 8.592356000000000000e+11
2.607833000000000000e+15 1.527983000000000000e+12
4.455912000000000000e+15 2.717207000000000000e+12
7.742312000000000000e+15 4.831960000000000000e+12
1.358639800000000000e+16 8.592576000000000000e+12
2.397892000000000000e+16 1.528003000000000000e+13
4.245967000000000000e+16 2.717217000000000000e+13
7.532359000000000000e+16 4.831970000000000000e+13
1.852915000000000000e+11 1.053977000000000000e+08
3.731000000000000000e+11 2.411940000000000000e+08
1.033170000000000000e+12 5.810510000000000000e+08
2.549982000000000000e+12 1.447467000000000000e+09
4.018249000000000000e+12 2.902093000000000000e+09
1.114405000000000000e+13 6.549060000000000000e+09
3.816001000000000000e+13 1.783541000000000000e+10
9.903367000000000000e+13 4.561517000000000000e+10
1.465602400000000000e+14 8.867503000000000000e+10
2.223215000000000000e+14 1.625170000000000000e+11
4.668917000000000000e+14 3.280221000000000000e+11
6.553184000000000000e+14 5.851737000000000000e+11
9.840838000000000000e+14 1.040868300000000000e+12
1.568530000000000000e+15 1.851110000000000000e+12
2.607807000000000000e+15 3.291901000000000000e+12
4.455898000000000000e+15 5.854007000000000000e+12
7.742294000000000000e+15 1.041011300000000000e+13
1.358639900000000000e+16 1.851210000000000000e+13
2.397892000000000000e+16 3.291981000000000000e+13
4.245967000000000000e+16 5.854057000000000000e+13
7.532359000000000000e+16 1.041015300000000000e+14
1.618839000000000000e+11 2.097972000000000000e+08
3.474630000000000000e+11 4.866250000000000000e+08
8.888790000000000000e+11 1.143599000000000000e+09
2.308026000000000000e+12 2.906111000000000000e+09
3.889483000000000000e+12 6.085550000000000000e+09
9.651200000000000000e+12 1.328070000000000000e+10
3.308798000000000000e+13 3.585207000000000000e+10
9.228320000000000000e+13 9.479580999999998474e+10
1.454493600000000000e+14 1.898430000000000000e+11
2.104184000000000000e+14 3.455500000000000000e+11
4.627123000000000000e+14 7.039627000000000000e+11
6.550436000000000000e+14 1.260147100000000000e+12
9.839515000000000000e+14 2.242120000000000000e+12
1.568439400000000000e+15 3.987840000000000000e+12
2.607736000000000000e+15 7.091997000000000000e+12
4.455850000000000000e+15 1.261197100000000000e+13
7.742259000000000000e+15 2.242780000000000000e+13
1.358640100000000000e+16 3.988310000000000000e+13
2.397892000000000000e+16 7.092347000000000000e+13
4.245967000000000000e+16 1.261217100000000000e+14
7.532360000000000000e+16 2.242800000000000000e+14
1.432334000000000000e+11 4.223362000000000000e+08
3.200280000000000000e+11 9.678840000000000000e+08
7.611450000000000000e+11 2.234530000000000000e+09
2.056146000000000000e+12 5.766390000000000000e+09
3.720181000000000000e+12 1.257603000000000000e+10
8.327150000000000000e+12 2.680636000000000000e+10
2.840145000000000000e+13 7.155260000000000000e+10
8.458340000000000000e+13 1.950607000000000000e+11
1.434741600000000000e+14 4.044480000000000000e+11
2.033809000000000000e+14 7.373556000000000000e+11
4.545609000000000000e+14 1.505133000000000000e+12
6.544602000000000000e+14 2.712307000000000000e+12
9.836682000000000000e+14 4.828830000000000000e+12
1.568248600000000000e+15 8.590326000000000000e+12
2.607598000000000000e+15 1.527833000000000000e+13
4.455746000000000000e+15 2.717087000000000000e+13
7.742180000000000000e+15 4.831870000000000000e+13
1.358630600000000000e+16 8.592516000000000000e+13
2.397882000000000000e+16 1.527993000000000000e+14
4.245967000000000000e+16 2.717207000000000000e+14
7.532360000000000000e+16 4.831960000000000000e+14
1.291151000000000000e+11 8.615420000000000000e+08
2.936230000000000000e+11 1.914577000000000000e+09
6.546360000000000000e+11 4.346150000000000000e+09
1.802477000000000000e+12 1.129367000000000000e+10
3.503978000000000000e+12 2.558913000000000000e+10
7.205940000000000000e+12 5.390410000000000000e+10
2.410502000000000000e+13 1.415371000000000000e+11
7.582888000000000000e+13 3.956417000000000000e+11
1.403813700000000000e+14 8.563173000000000000e+11
1.990935000000000000e+14 1.574240000000000000e+12
4.399855000000000000e+14 3.198421000000000000e+12
6.532489000000000000e+14 5.831877000000000000e+12
9.830679000000000000e+14 1.039574300000000000e+13
1.567837900000000000e+15 1.850170000000000000e+13
2.607291000000000000e+15 3.291211000000000000e+13
4.455522000000000000e+15 5.853487000000000000e+13
7.742023000000000000e+15 1.040973300000000000e+14
1.358621600000000000e+16 1.851180000000000000e+14
2.397873000000000000e+16 3.291951000000000000e+14
4.245957000000000000e+16 5.854047000000000000e+14
7.532350000000000000e+16 1.041014300000000000e+15
1.187942000000000000e+11 1.779965000000000000e+09
2.706620000000000000e+11 3.802073000000000000e+09
5.683200000000000000e+11 8.437340000000000000e+09
1.550958000000000000e+12 2.178441000000000000e+10
3.250462000000000000e+12 5.141470000000000000e+10
6.305150000000000000e+12 1.080739000000000000e+11
2.021220000000000000e+13 2.771567000000000000e+11
6.608931000000000000e+13 7.874851000000000000e+11
1.361028000000000000e+14 1.801960000000000000e+12
1.958428000000000000e+14 3.352680000000000000e+12
4.170769000000000000e+14 6.740337000000000000e+12
6.508206000000000000e+14 1.251477100000000000e+13
9.818164000000000000e+14 2.236260000000000000e+13
1.566956100000000000e+15 3.983530000000000000e+13
2.606648000000000000e+15 7.088797000000000000e+13
4.455042000000000000e+15 1.260957100000000000e+14
7.741664000000000000e+15 2.242600000000000000e+14
1.358593700000000000e+16 3.988180000000000000e+14
2.397853000000000000e+16 7.092247000000000000e+14
4.245938000000000000e+16 1.261207100000000000e+15
7.532340000000000000e+16 2.242790000000000000e+15
1.114200000000000000e+11 3.717561000000000000e+09
2.521821000000000000e+11 7.629110000000000000e+09
4.997250000000000000e+11 1.642918000000000000e+10
1.313063000000000000e+12 4.147650000000000000e+10
2.962930000000000000e+12 1.021130000000000000e+11
5.594390000000000000e+12 2.161976000000000000e+11
1.675595000000000000e+13 5.375760000000000000e+11
5.587344000000000000e+13 1.536107000000000000e+12
1.303537000000000000e+14 3.766110000000000000e+12
1.926371000000000000e+14 7.111396000000000000e+12
3.863631000000000000e+14 1.407993000000000000e+13
6.462783000000000000e+14 2.676597000000000000e+13
9.793011000000000000e+14 4.803040000000000000e+13
1.565103600000000000e+15 8.570776000000000000e+13
2.605276000000000000e+15 1.526363000000000000e+14
4.454010000000000000e+15 2.715987000000000000e+14
7.740893000000000000e+15 4.831050000000000000e+14
1.358538300000000000e+16 8.591896000000000000e+14
2.397815000000000000e+16 1.527953000000000000e+15
4.245909000000000000e+16 2.717177000000000000e+15
7.532320000000000000e+16 4.831940000000000000e+15
1.062317999999999847e+11 7.831528000000000000e+09
2.380898000000000000e+11 1.551056000000000000e+10
4.465810000000000000e+11 3.227842000000000000e+10
1.103361000000000000e+12 7.852170000000000000e+10
2.632990000000000000e+12 1.995063000000000000e+11
5.023830000000000000e+12 4.321740000000000000e+11
1.378320000000000000e+13 1.036162000000000000e+12
4.600484000000000000e+13 2.944687000000000000e+12
1.219874000000000000e+14 7.768993000000000000e+12
1.891925000000000000e+14 1.503810000000000000e+13
3.517849000000000000e+14 2.921301000000000000e+13
6.386334000000000000e+14 5.698327000000000000e+13
9.745825000000000000e+14 1.028801300000000000e+14
1.561371000000000000e+15 1.841510000000000000e+14
2.602382000000000000e+15 3.284511000000000000e+14
4.451820000000000000e+15 5.848407000000000000e+14
7.739247000000000000e+15 1.040590300000000000e+15
1.358418100000000000e+16 1.850900000000000000e+15
2.397720000000000000e+16 3.291741000000000000e+15
4.245840000000000000e+16 5.853877000000000000e+15
7.532261000000000000e+16 1.041002300000000000e+16
1.026193200000000000e+11 1.660588700000000000e+10
2.277315000000000000e+11 3.194807000000000000e+10
4.065840000000000000e+11 6.427240000000000000e+10
9.306830000000000000e+11 1.491991000000000000e+11
2.267173000000000000e+12 3.815990000000000000e+11
4.532890000000000000e+12 8.617400000000000000e+11
1.132733000000000000e+13 1.994767000000000000e+12
3.707700000000000000e+13 5.566971000000000000e+12
1.095064000000000000e+14 1.562910000000000000e+13
1.854835000000000000e+14 3.177380000000000000e+13
3.197879000000000000e+14 6.050717000000000000e+13
6.272267000000000000e+14 1.207647100000000000e+14
9.667397000000000000e+14 2.195210000000000000e+14
1.554278000000000000e+15 3.946960000000000000e+14
2.596510000000000000e+15 7.058997000000000000e+14
4.447225000000000000e+15 1.258637100000000000e+15
7.735734000000000000e+15 2.240840000000000000e+15
1.358149300000000000e+16 3.986850000000000000e+15
2.397518000000000000e+16 7.091247000000000000e+15
4.245694000000000000e+16 1.261137100000000000e+16
7.532152000000000000e+16 2.242740000000000000e+16
1.001215100000000000e+11 3.537908600000000000e+10
2.203038000000000000e+11 6.655951000000000763e+10
3.772659000000000000e+11 1.299294000000000000e+11
7.960280000000000000e+11 2.868558000000000000e+11
1.902632000000000000e+12 7.175370000000000000e+11
4.046180000000000000e+12 1.697386000000000000e+12
9.376260000000000000e+12 3.851530000000000000e+12
2.934776000000000000e+13 1.040628000000000000e+13
9.306350000000000000e+13 3.036900000000000000e+13
1.808388000000000000e+14 6.700936000000000000e+13
2.956764000000000000e+14 1.259483000000000000e+14
6.111564000000000000e+14 2.550677000000000000e+14
9.558346000000000000e+14 4.666780000000000000e+14
1.542278000000000000e+15 8.428946000000000000e+14
2.585208000000000000e+15 1.513673000000000000e+15
4.437800000000000000e+15 2.705647000000000000e+15
7.728344000000000000e+15 4.823010000000000000e+15
1.357584500000000000e+16 8.585786000000000000e+15
2.397098000000000000e+16 1.527493000000000000e+16
4.245372000000000000e+16 2.716827000000000000e+16
7.531916000000000000e+16 4.831680000000000000e+16
9.840217000000000000e+10 7.563322000000000000e+10
2.150623000000000000e+11 1.399460800000000000e+11
3.562215000000000000e+11 2.664971000000000000e+11
6.951840000000000000e+11 5.609220000000000000e+11
1.581774000000000000e+12 1.343188000000000000e+12
3.514390000000000000e+12 3.263600000000000000e+12
7.849480000000000000e+12 7.447920000000000000e+12
2.292876000000000000e+13 1.929437000000000000e+13
7.486530000000000000e+13 5.690443000000000000e+13
1.730609000000000000e+14 1.398390000000000000e+14
2.800657000000000000e+14 2.643711000000000000e+14
5.871697000000000000e+14 5.364517000000000000e+14
9.434150000000000000e+14 9.907153000000000000e+14
1.525295000000000000e+15 1.793340000000000000e+15
2.565706000000000000e+15 3.234531000000000000e+15
4.419509000000000000e+15 5.804007000000000000e+15
7.713132000000000000e+15 1.036987300000000000e+16
1.356390000000000000e+16 1.848100000000000000e+16
2.396189000000000000e+16 3.289611000000000000e+16
4.244680000000000000e+16 5.852277000000000000e+16
7.531393000000000000e+16 1.040881300000000000e+17
9.722301000000000000e+10 1.620764900000000000e+11
2.114076000000000000e+11 2.963141000000000000e+11
3.413532000000000000e+11 5.534953000000000000e+11
6.218150000000000000e+11 1.117496000000000000e+12
1.325890000000000000e+12 2.536928000000000000e+12
2.964960000000000000e+12 6.125080000000000000e+12
6.601110000000000000e+12 1.427704000000000000e+13
1.784122000000000000e+13 3.561231000000000000e+13
5.749340000000000000e+13 1.032300000000000000e+14
1.579852000000000000e+14 2.829550000000000000e+14
2.697383000000000000e+14 5.579837000000000000e+14
5.501681000000000000e+14 1.118737100000000000e+15
9.307570000000000000e+14 2.105630000000000000e+15
1.506218000000000000e+15 3.809380000000000000e+15
2.537373000000000000e+15 6.885487000000000000e+15
4.387367000000000000e+15 1.240927100000000000e+16
7.683338000000000000e+15 2.225270000000000000e+16
1.353927100000000000e+16 3.974270000000000000e+16
2.394256000000000000e+16 7.081507000000000000e+16
4.243207000000000000e+16 1.260397100000000000e+17
7.530279000000000000e+16 2.242180000000000000e+17
9.641590000000000000e+10 3.478994800000000000e+11
2.088773800000000000e+11 6.306484000000000000e+11
3.309649000000000000e+11 1.161160200000000000e+12
5.695081000000000000e+11 2.266219000000000000e+12
1.134739000000000000e+12 4.878030000000000000e+12
2.468100000000000000e+12 1.138228000000000000e+13
5.504000000000000000e+12 2.681870000000000000e+13
1.394426000000000000e+13 6.542640000000000000e+13
4.277940000000000000e+13 1.826870000000000000e+14
1.323274000000000000e+14 5.390786000000000000e+14
2.598460000000000000e+14 1.173443000000000000e+15
5.019843000000000000e+14 2.311127000000000000e+15
9.160810000000000000e+14 4.479100000000000000e+15
1.488957000000000000e+15 8.104326000000000000e+15
2.504699000000000000e+15 1.462853000000000000e+16
4.339397000000000000e+15 2.642907000000000000e+16
7.630103000000000000e+15 4.760100000000000000e+16
1.349056400000000000e+16 8.531076000000000000e+16
2.390256000000000000e+16 1.523093000000000000e+17
4.240086000000000000e+16 2.713437000000000000e+17
7.527903000000000000e+16 4.829100000000000000e+17
9.586430000000000000e+10 7.476385500000000000e+11
2.071349900000000000e+11 1.347204600000000000e+12
3.237630000000000000e+11 2.454666000000000000e+12
5.327441000000000000e+11 4.666635000000000000e+12
9.975510000000000000e+11 9.582630000000000000e+12
2.068968000000000000e+12 2.131084000000000000e+13
4.541640000000000000e+12 4.948260000000000000e+13
1.096813000000000000e+13 1.189924000000000000e+14
3.139182000000000000e+13 3.179933000000000000e+14
1.004055000000000000e+14 9.534700000000000000e+14
2.431430000000000000e+14 2.409511000000000000e+15
4.559453000000000000e+14 4.766397000000000000e+15
8.930200000000000000e+14 9.495473000000000000e+15
1.474521000000000000e+15 1.728990000000000000e+16
2.475196000000000000e+15 3.111911000000000000e+16
4.282330000000000000e+15 5.615687000000000000e+16
7.548643000000000000e+15 1.014296300000000000e+17
1.340231900000000000e+16 1.825760000000000000e+17
2.382304000000000000e+16 3.270391000000000000e+17
4.233601000000000000e+16 5.836917000000000000e+17
7.522855000000000000e+16 1.039697300000000000e+18
9.548774300000000000e+10 1.607957930000000000e+12
2.059394300000000000e+11 2.885465400000000000e+12
3.187981000000000000e+11 5.218444000000000000e+12
5.071569000000000000e+11 9.728614000000000000e+12
9.013330000000000000e+11 1.922208000000000000e+13
1.772653000000000000e+12 4.067380000000000000e+13
3.757840000000000000e+12 9.111670000000000000e+13
8.684280000000000000e+12 2.140411000000000000e+14
2.309418000000000000e+13 5.478120000000000000e+14
7.125140000000000000e+13 1.592360000000000000e+15
2.082809000000000000e+14 4.611257000000000000e+15
4.194373000000000000e+14 9.834801000000000000e+15
8.511340000000000000e+14 1.990470000000000000e+16
1.459464000000000000e+15 3.692820000000000000e+16
2.452685000000000000e+15 6.640937000000000000e+16
4.229601000000000000e+15 1.194327100000000000e+17
7.448614000000000000e+15 2.155530000000000000e+17
1.326406300000000000e+16 3.892290000000000000e+17
2.367673000000000000e+16 7.002227000000000000e+17
4.220591000000000000e+16 1.253647100000000000e+18
7.512306000000000000e+16 2.236810000000000000e+18
