21
28
16
26
10.6
16.0
2.876893999383181381e+03 3.971548057517340112e+03
4.280400686749366287e+03 5.969049688456924741e+03
5.066122361518097932e+03 7.402323396108424276e+03
5.996073185700909562e+03 9.179751303886241658e+03
7.096728243553129687e+03 1.138397088210206130e+04
8.442265473720881346e+03 1.554604616840576819e+04
1.005565542478646421e+04 2.174587946996140090e+04
1.197737815007028257e+04 3.041823424422407334e+04
1.542801720244838725e+04 4.551916252451973560e+04
2.143181789445461618e+04 7.269867869058248471e+04
3.487671243886266893e+04 1.373499243473687384e+05
8.112909955627200543e+04 3.359703761325341766e+05
1.467506318834912381e+05 6.237942296119846869e+05
1.976306720187052269e+05 8.966818587147364160e+05
2.599842852040509460e+05 1.297434515341551509e+06
3.327280915128148044e+05 1.891810603823826183e+06
4.458488896906016744e+05 2.869831365928918589e+06
8.385910333507064497e+05 5.768389492639428005e+06
1.668749546985041583e+06 1.151399526263396442e+07
3.004999108054233249e+06 2.074015803809656948e+07
5.128147790327783674e+06 3.539692854223174602e+07
8.497484203913222998e+06 5.865374168722337484e+07
1.384008657237783074e+07 9.553096134924978018e+07
2.229393783283987269e+07 1.538834975122080743e+08
3.567880187434649467e+07 2.462721037489679456e+08
5.690862283652210981e+07 3.928106127668648362e+08
9.056610369321371615e+07 6.251310052294664383e+08
1.439143017255176902e+08 9.933659966490775347e+08
2.876893999946866643e+03 1.255910200828536654e+04
4.287065866240357536e+03 1.889488595624649679e+04
5.110651413477985443e+03 2.354183925818701391e+04
6.092455466048130802e+03 2.933165074092940631e+04
7.262873282237757849e+03 3.654539162179814593e+04
8.597478995079276501e+03 5.032883932335817371e+04
1.017279388028312496e+04 6.975214977763550996e+04
1.203675349366426235e+04 9.667146041938661074e+04
1.552858249982743291e+04 1.445562987723210244e+05
2.170506795662099830e+04 2.319319226778106240e+05
3.510966693186677730e+04 4.366961662860955694e+05
8.113322502167678613e+04 1.062434955978822894e+06
1.467298163270606019e+05 1.972378564120482421e+06
1.975276118568776874e+05 2.834412997311184648e+06
2.598375948055044864e+05 4.100716375346122310e+06
3.325684421977647580e+05 5.980285862273678184e+06
4.454599965899915551e+05 9.069430830516465008e+06
8.385754345247847959e+05 1.824103797971604392e+07
1.668749546985041583e+06 3.641042496642011404e+07
3.004999108054233249e+06 6.558618443183436990e+07
5.128147790327783674e+06 1.119349856979498714e+08
8.497484203913222998e+06 1.854793309265139699e+08
1.384008657237783074e+07 3.020951237842152715e+08
2.229393783283987269e+07 4.866224139774534702e+08
3.567880187434649467e+07 7.787814794630928040e+08
5.690862283652210981e+07 1.242176686737269402e+09
9.056610369321371615e+07 1.976836697503970623e+09
1.439143017255176902e+08 3.141296260458350182e+09
2.876894000698432137e+03 3.971548059333054698e+04
4.301654288604232534e+03 5.989227023649368493e+04
5.209238203937245999e+03 7.544163246560448897e+04
6.308308581944237631e+03 9.502795413501301664e+04
7.584924492388082399e+03 1.216980109430543962e+05
8.877103989500015814e+03 1.659196838247977430e+05
1.038942118929208664e+04 2.262102828730914043e+05
1.215937909212107115e+04 3.084088089967544074e+05
1.584184217783085296e+04 4.634723895680397400e+05
2.253254772960580885e+04 7.542574736271861475e+05
3.569387830217910960e+04 1.400387744627199136e+06
8.115031861677781853e+04 3.359893940692264121e+06
1.467136660748201539e+05 6.236451269120438956e+06
1.974375172060113691e+05 8.959890987258950248e+06
2.597068173404886038e+05 1.296147118926271424e+07
3.324242498226184398e+05 1.890500527338576317e+07
4.451028689268560265e+05 2.866295690545476228e+07
8.385660530941197649e+05 5.768264818202295154e+07
1.668751864935085876e+06 1.151398928203305751e+08
3.005007923557285219e+06 2.074021889808277786e+08
5.128147790327783674e+06 3.539692854223167300e+08
8.497484203913222998e+06 5.865374168722349405e+08
1.384008657237783074e+07 9.553096134924958944e+08
2.229393783283987269e+07 1.538834975122087002e+09
3.567880187434649467e+07 2.462721037489689350e+09
5.690862283652210981e+07 3.928106127668648243e+09
9.056610369321371615e+07 6.251310052294664383e+09
1.439143017255176902e+08 9.933659966490734100e+09
2.876894004268393473e+03 1.255910202699523215e+05
4.326871061649991134e+03 1.902294410791972768e+05
5.383335928136665643e+03 2.445340477996589034e+05
6.697751169898693661e+03 3.143409358406872489e+05
7.989290400071955446e+03 4.132272347604263923e+05
9.244974541535591925e+03 5.520565860807162244e+05
1.069801571775028242e+04 7.375275601371903904e+05
1.237943271590904988e+04 9.853100491448269458e+05
1.671220210549276453e+04 1.523330352546186885e+06
2.465939896182855955e+04 2.576678870546089020e+06
3.667494982330476341e+04 4.531033026046748273e+06
8.120739021382573992e+04 1.062718834097669832e+07
1.467108836551141576e+05 1.971864080960209668e+07
1.973813147836053977e+05 2.832412743600191176e+07
2.596214748257034225e+05 4.097097419315919280e+07
3.323359792702990817e+05 5.976578035615630448e+07
4.449018187166404095e+05 9.060506391713102162e+07
8.385732605463291984e+05 1.824068224470638335e+08
1.668760595329326577e+06 3.641035427953292727e+08
3.005009869725938421e+06 6.558620524227972031e+08
5.128143455040128902e+06 1.119348910692076921e+09
8.497484203913222998e+06 1.854793309265139818e+09
1.384008657237783074e+07 3.020951237842152596e+09
2.229393783283987269e+07 4.866224139774534225e+09
3.567880187434649467e+07 7.787814794630896568e+09
5.690862283652210981e+07 1.242176686737269402e+10
9.056610369321371615e+07 1.976836697503970718e+10
1.439143017255176902e+08 3.141296260458337402e+10
2.876894015166156805e+03 3.971548078109663329e+05
4.362342933780289059e+03 6.055207609876216156e+05
5.636308636885650230e+03 8.023677425206240732e+05
7.282319508682566266e+03 1.063207136263327207e+06
8.404160150908875949e+03 1.393880886925090570e+06
9.664486678219684109e+03 1.826786773599045584e+06
1.111381757085921890e+04 2.394142819160239305e+06
1.278049679314082096e+04 3.137706010014391970e+06
1.864888337381112069e+04 5.242586673520453274e+06
2.718999787516193828e+04 8.901336920155001804e+06
3.783752231850317912e+04 1.467889924396767654e+07
8.138674122263921890e+04 3.362832948120810837e+07
1.467304361233974632e+05 6.233543334164272994e+07
1.973402762661896413e+05 8.951368205872102082e+07
2.595428591553858714e+05 1.294685844893586934e+08
3.322541707221408142e+05 1.888916568126690984e+08
4.447114371395275812e+05 2.863501280350456834e+08
8.385485665288669989e+05 5.767601077251762152e+08
1.668769244401827920e+06 1.151372407469242811e+09
3.005016213916485664e+06 2.074006199893042326e+09
5.128131957896099426e+06 3.539681925899784088e+09
8.497469526075910777e+06 5.865364037370127678e+09
1.384007295459625684e+07 9.553086735278064728e+09
2.229393612594376132e+07 1.538834857303936386e+10
3.567880187434649467e+07 2.462721037489689636e+10
5.690862283652210981e+07 3.928106127668648529e+10
9.056610369321371615e+07 6.251310052294664001e+10
1.439143017255176902e+08 9.933659966490774536e+10
2.876894049926278512e+03 1.255910221453728154e+06
4.404119520717374144e+03 1.930249315156814409e+06
5.946696634810340583e+03 2.654444734782463871e+06
7.657718941765456293e+03 3.581840902842047159e+06
8.825000065651991463e+03 4.623574893482476473e+06
1.017021214163321019e+04 5.968284291655529290e+06
1.172047753386412114e+04 7.704085735960252583e+06
1.435374918534480275e+04 1.067647483519160748e+07
2.126897238523355918e+04 1.848341153178926557e+07
2.920680259667024438e+04 2.988194845973441377e+07
3.924582558159148903e+04 4.737550061616485566e+07
8.193085230046785728e+04 1.065571439741803110e+08
1.467943687780977925e+05 1.969257613605100811e+08
1.972240707895905362e+05 2.825475901242920160e+08
2.593109424109755782e+05 4.085334333861231804e+08
3.320073888291629264e+05 5.963138570952960253e+08
4.441148003794645192e+05 9.038290322338720560e+08
8.384172029628655873e+05 1.823166277553540707e+09
1.668796222572473111e+06 3.640731079881449223e+09
3.005160013167299796e+06 6.558470105392148972e+09
5.128388144592767581e+06 1.119338097249231339e+10
8.497454848247567192e+06 1.854786901650352097e+10
1.384005845050126500e+07 3.020945099514365768e+10
2.229392139064992964e+07 4.866220550837369537e+10
3.567878690679848194e+07 7.787811527579296875e+10
5.690861406010311842e+07 1.242176495169481049e+11
9.056610369321371615e+07 1.976836697503970642e+11
1.439143017255176902e+08 3.141296260458337402e+11
2.876892280361183111e+03 3.971545671467574313e+06
4.445704798485914580e+03 6.153821488820708357e+06
6.269521540550794271e+03 8.786906432821897790e+06
7.973865329701474366e+03 1.181981508136590198e+07
9.292853346740173947e+03 1.511673929900949821e+07
1.083002029170876449e+04 1.933328105906466022e+07
1.262145598800045445e+04 2.472595108743321523e+07
1.678747347862666356e+04 3.827286197304999083e+07
2.317071600422402116e+04 6.249552944926976413e+07
3.104999120595303611e+04 9.782562677459113300e+07
4.203485727301732550e+04 1.545177563164570630e+08
8.348841768830797810e+04 3.388773489337919950e+08
1.471294407818281325e+05 6.213584477084898949e+08
1.975246883624585462e+05 8.910256423631000519e+08
2.595140088749846909e+05 1.288131642757488489e+09
3.321609225168792764e+05 1.880579098663882971e+09
4.442879329873588285e+05 2.852040809538557529e+09
8.384625568498132052e+05 5.761235664242033958e+09
1.669101536308139097e+06 1.151219728070971489e+10
3.005426466102251783e+06 2.073945188768281174e+10
5.128550023666266352e+06 3.539645525414672852e+10
8.497442602664947510e+06 5.865345453531530762e+10
1.384005756421452947e+07 9.553076112097369385e+10
2.229390836230086535e+07 1.538832940924301453e+11
3.567878132007123530e+07 2.462719618737855530e+11
5.690861406010311842e+07 3.928105521876889648e+11
9.056610369321371615e+07 6.251310052294689941e+11
1.439143017255176902e+08 9.933659966490775146e+11
2.876888863964349639e+03 1.255907945873051696e+07
4.481043105042404932e+03 1.959588275430505350e+07
6.555102014410270385e+03 2.889547118654261902e+07
8.284856164533737683e+03 3.850576905736135691e+07
9.843627391785961663e+03 4.916305713783738762e+07
1.169567682334917663e+04 6.276997567657156289e+07
1.437651569935901352e+04 8.563213265911969543e+07
1.875381185372891196e+04 1.311701365168782026e+08
2.467186696421975648e+04 2.020025586847235858e+08
3.358897017397423042e+04 3.178957926044321656e+08
4.920754097185039427e+04 5.394153488904399872e+08
8.728842810057266615e+04 1.085941566836833000e+09
1.483235211413511133e+05 1.955716713889621019e+09
1.993152084754407406e+05 2.810972884070836067e+09
2.613004725195946230e+05 4.067651440238896370e+09
3.336845249365125201e+05 5.928589713101105690e+09
4.468657644848517375e+05 9.008496239196422577e+09
8.399992532820941415e+05 1.820890100729275513e+10
1.670376188325667288e+06 3.640374138594753265e+10
3.006367402242423967e+06 6.558361062826637268e+10
5.129383905073349364e+06 1.119331557672480469e+11
8.498336418989619240e+06 1.854780836275552673e+11
1.384005667793028429e+07 3.020944712604844360e+11
2.229389533399580047e+07 4.866214863292457275e+11
3.567876635250929743e+07 7.787807041077927246e+11
5.690860528367768228e+07 1.242176303601559814e+12
9.056610369321371615e+07 1.976836697503970703e+12
1.439143017255176902e+08 3.141296260458337402e+12
2.876882386426787434e+03 3.971531900333879888e+07
4.507294952181101507e+03 6.228907348591631651e+07
6.774216270939200513e+03 9.407554424030721188e+07
8.602144229949470173e+03 1.247413731421752423e+08
1.048179259265334804e+04 1.602156888300536871e+08
1.277216157023767300e+04 2.057782939268417060e+08
1.611424463514221134e+04 2.950484034236110449e+08
2.041799629751294560e+04 4.288059353105735779e+08
2.692646431336558089e+04 6.503742775043970346e+08
3.722482213602164848e+04 1.037375287372707129e+09
5.589585503473597782e+04 1.819412004948494911e+09
9.438756183744124428e+04 3.513424398397807121e+09
1.520265712605490407e+05 6.141972929878079414e+09
2.062871065709165705e+05 8.956515941217945099e+09
2.683948766448667739e+05 1.299502415592333984e+10
3.400914317732569179e+05 1.879470046816690063e+10
4.591198017840922694e+05 2.878484369002691269e+10
8.464534859580104239e+05 5.762072664477232361e+10
1.674523278253858443e+06 1.151236141609133148e+11
3.009359388165657874e+06 2.073937692670390625e+11
5.131622590302169323e+06 3.539625206534259033e+11
8.500170753652764484e+06 5.865314248609949951e+11
1.384209463209126145e+07 9.553053860654760742e+11
2.229408620360099897e+07 1.538827312387943848e+12
3.567881346599681675e+07 2.462721837599394531e+12
5.690867549490526319e+07 3.928109762410107910e+12
9.056610369321371615e+07 6.251310052294689453e+12
1.439143017255176902e+08 9.933659966490775391e+12
2.876874038017906969e+03 1.255901371190555841e+08
4.524899579112172432e+03 1.976594599128586948e+08
6.924625283112033685e+03 3.033639551327212453e+08
8.913600190547913371e+03 4.031347579486730099e+08
1.116382769308911884e+04 5.236367580979113579e+08
1.398615265352816277e+04 6.949564642027019262e+08
1.753344504303086433e+04 9.684648186376659870e+08
2.198043326800324940e+04 1.349615628102577448e+09
2.988455881327174939e+04 2.102011246347335339e+09
4.177440807543071423e+04 3.399603200534895897e+09
6.234946039087027748e+04 5.948419386493144035e+09
1.046263399183726870e+05 1.143847481918955040e+10
1.610297518235961033e+05 1.937898789427622223e+10
2.247294017296567617e+05 2.934469267177310562e+10
2.841277958050838788e+05 4.211942680905628967e+10
3.554472405234583421e+05 6.011002649425704956e+10
4.911902243005713099e+05 9.428620689032978821e+10
8.648432277012914419e+05 1.828128862757856140e+11
1.686849236784290988e+06 3.641234889448444214e+11
3.018574508490200154e+06 6.558450978925716553e+11
5.138624312406973913e+06 1.119324166919051758e+12
8.505511521229119971e+06 1.854775346478994385e+12
1.384624554066583514e+07 3.020936601121499023e+12
2.229893261644846946e+07 4.866214175568166016e+12
3.568306747030379623e+07 7.787814502763208008e+12
5.691090449314697832e+07 1.242177137577662695e+13
9.056610369321371615e+07 1.976836697503970703e+13
1.439143017255176902e+08 3.141296260458350391e+13
2.876871509414890170e+03 3.971516085252083540e+08
4.535933148716655523e+03 6.264135099872918129e+08
7.020218235562989321e+03 9.711224237806550264e+08
9.191298689774206650e+03 1.299217502969770193e+09
1.180782193954670402e+04 1.709373204757355690e+09
1.493511187990416875e+04 2.282903852919429779e+09
1.869603296371890610e+04 3.079384307567324162e+09
2.351171970497811708e+04 4.182783014616484165e+09
3.329332573165365466e+04 6.802349160723250389e+09
4.756385828469253465e+04 1.125722628852888870e+10
6.893025263372686459e+04 1.916211349952607346e+10
1.171849998215041705e+05 3.727758096011284637e+10
1.780230275168090593e+05 6.247225386438321686e+10
2.480054105691447912e+05 9.649846831875354004e+10
3.073619350800580578e+05 1.363625134998423767e+11
3.809245891827778541e+05 1.926946138313048401e+11
5.427265033187377267e+05 3.135071921149656982e+11
9.048771588246502215e+05 5.828838085233118896e+11
1.719130721094801556e+06 1.152160408407640625e+12
3.045259032626348548e+06 2.074068250408909912e+12
5.159899850949513726e+06 3.539570849777272949e+12
8.522076208469647914e+06 5.865240406768191406e+12
1.385892544980194233e+07 9.553003967049226562e+12
2.230908928283293918e+07 1.538840459044290039e+13
3.569147436635176092e+07 2.462726598331233594e+13
5.691893898790475726e+07 3.928110252489922656e+13
9.057261963537973166e+07 6.251305553479098438e+13
1.439141695590472817e+08 9.933650843726300000e+13
2.876879450591703517e+03 1.255903253982736826e+09
4.542569435763726688e+03 1.983480938525071383e+09
7.077958543254970209e+03 3.093519199354027271e+09
9.411161095194996960e+03 4.170234201938005447e+09
1.233801727595239208e+04 5.549190636539830208e+09
1.561877111449154108e+04 7.325355231928207397e+09
1.959144264336656124e+04 9.649808676621269226e+09
2.551369422979418596e+04 1.343132542071563148e+10
3.713257587615688681e+04 2.200834146725661087e+10
5.341270519308713847e+04 3.681796226296245575e+10
7.785688624761333631e+04 6.302463129866233826e+10
1.302692565232839988e+05 1.209848938556711578e+11
2.037625976386537077e+05 2.074034947725852356e+11
2.710472128113030922e+05 3.103292444955883789e+11
3.373729114684461383e+05 4.391758900374270630e+11
4.243429595742861275e+05 6.290119857396915283e+11
6.028487051349943504e+05 1.035823238523616821e+12
9.712217484980938025e+05 1.874055651380287842e+12
1.786271565661956789e+06 3.650027446030924805e+12
3.112312393077062443e+06 6.560075996150621094e+12
5.219803440905413590e+06 1.119275957950609375e+13
8.571680475778561085e+06 1.854694367541924609e+13
1.389805044764504209e+07 3.020882997825534375e+13
2.234084758042063192e+07 4.866299343884669531e+13
3.571781275088176131e+07 7.787823562993843750e+13
5.694003305836101621e+07 1.242177184325791875e+14
9.059071839509154856e+07 1.976836748537194375e+14
1.439317303380618095e+08 3.141292240559051875e+14
2.876889383287842065e+03 3.971538677305524349e+09
4.546467004545668715e+03 6.277133371451561928e+09
7.111891192374050661e+03 9.824454698856351852e+09
9.567216551138497380e+03 1.332724628222699547e+10
1.272412005616767419e+04 1.788426260026707840e+10
1.608203456653809008e+04 2.325694155868116379e+10
2.022510189020339021e+04 3.015086116748049545e+10
2.734784176428957289e+04 4.306327187165124512e+10
4.123366401273992960e+04 7.113799262024697876e+10
5.996482292367265472e+04 1.210036104107808990e+11
9.055909900579266832e+04 2.133581186146036072e+11
1.438888336989842937e+05 3.901765120580396118e+11
2.333491722374390229e+05 6.943360444821824951e+11
2.980607755173539044e+05 9.990947402121120605e+11
3.807179817702929722e+05 1.437618438293728516e+12
4.991677157852321980e+05 2.180340217765261475e+12
6.629355914246196626e+05 3.393473451214035645e+12
1.061318471775803482e+06 6.096111074641608398e+12
1.890148170035773655e+06 1.159497794138400195e+13
3.242710130875177216e+06 2.076209886023269141e+13
5.361548820115780458e+06 3.539474140933393750e+13
8.706237757622644305e+06 5.864628819652670312e+13
1.401298130854330026e+07 9.552507807129935938e+13
2.243686786652081460e+07 1.538923994798809688e+14
3.579926949204640836e+07 2.462744807478771250e+14
5.700639247001975030e+07 3.928109075903235625e+14
9.064301120108243823e+07 6.251298562514792500e+14
1.439734431207859814e+08 9.933644287611810000e+14
2.876901215888862225e+03 1.255912091581806564e+10
4.548719168856283432e+03 1.985882818736347961e+10
7.131374249444670568e+03 3.114385034872199249e+10
9.668908617633882386e+03 4.243429236469866180e+10
1.297997176057341494e+04 5.726518601041963196e+10
1.637762530773518483e+04 7.356052815582379150e+10
2.064034328640209424e+04 9.440440102816065979e+10
2.891219936053415950e+04 1.377439063897050171e+11
4.489746968046716938e+04 2.314762532967035522e+11
6.818983562884008279e+04 4.035627128289892578e+11
1.041295596388281847e+05 7.196088760133468018e+11
1.631978274601621379e+05 1.291340132781194092e+12
2.507579124082871713e+05 2.210762728450678711e+12
3.366760190366310417e+05 3.299817781579269043e+12
4.457196728833857342e+05 4.937662103905401367e+12
5.717937479428639635e+05 7.429819782912125977e+12
7.335285159649855923e+05 1.117982981518538672e+13
1.164115082247875631e+06 2.000315897221849219e+13
2.012427595658529084e+06 3.698360068619672656e+13
3.427482648469092790e+06 6.580845220182075781e+13
5.611478166812273674e+06 1.119665347128990312e+14
8.999992706144567579e+06 1.854350008135008438e+14
1.430984375006296299e+07 3.020468859559955625e+14
2.270555005907632411e+07 4.867114363124917500e+14
3.603899370653854311e+07 7.788015484800382500e+14
5.720861375001624227e+07 1.242179106300251000e+15
9.080550067022697628e+07 1.976834949399043750e+15
1.440995963896425962e+08 3.141291038362272000e+15
2.876909663240301143e+03 3.971565000471677399e+10
4.550010952135277876e+03 6.281513511167696381e+10
7.142517233899315215e+03 9.862283290137974548e+10
9.731473408501458835e+03 1.347542995095570831e+11
1.311921283142220818e+04 1.822457224155764160e+11
1.655764326742283447e+04 2.324563448207502136e+11
2.089725611544279309e+04 2.965005242987536621e+11
3.012035270361003131e+04 4.393537272888657227e+11
4.853143109928510239e+04 7.554635756574964600e+11
7.800037179757558624e+04 1.363768706451634521e+12
1.199341223149668658e+05 2.429971996515352051e+12
1.868166329979067959e+05 4.312651009592404297e+12
2.780698720688653993e+05 7.188222543277130859e+12
3.952929462036716868e+05 1.130053312669922461e+13
5.138394624539425713e+05 1.693896498933204492e+13
6.596344326701893006e+05 2.522215727696728906e+13
8.961271587053395342e+05 3.984198395590747656e+13
1.269944645394247025e+06 6.577321824532494531e+13
2.135449523252241313e+06 1.185973225908271406e+14
3.620244327630131971e+06 2.089696860854902188e+14
5.928059058978340589e+06 3.544942621861350000e+14
9.462198407378397882e+06 5.864282457337486250e+14
1.489918311501468346e+07 9.550007027769772500e+14
2.334240006199043989e+07 1.539500800110255250e+15
3.666609920065094531e+07 2.462928195278263500e+15
5.778383156610308588e+07 3.928121904359105000e+15
9.129297846856920421e+07 6.251281416548225000e+15
1.444888172661728859e+08 9.933627478405570000e+15
2.876915079992313167e+03 1.255917781357656250e+11
4.550744516897901121e+03 1.986674888553564453e+11
7.148831946475916993e+03 3.121205842280004883e+11
9.768557254062003267e+03 4.271937262491718750e+11
1.319149014488851935e+04 5.779932093847258301e+11
1.666384945682131001e+04 7.345820604704959717e+11
2.105022826607669413e+04 9.335936734265364990e+11
3.096595472666110072e+04 1.397604366924886719e+12
5.207043472827540973e+04 2.468904142285401855e+12
8.757237956669095729e+04 4.577952945212260742e+12
1.388605625398739066e+05 8.214132315438687500e+12
2.148875948362895579e+05 1.441592722886648633e+13
3.193427077776623773e+05 2.390511424225526953e+13
4.535642349511989160e+05 3.809253054723495312e+13
5.996311186473047128e+05 5.749613316706867969e+13
7.947453469071956351e+05 8.779994631789670312e+13
1.060357470720607787e+06 1.382324868267112344e+14
1.473626634582518833e+06 2.230296059463939375e+14
2.274800484118147288e+06 3.832773147962449375e+14
3.789309320633450989e+06 6.652337539858355000e+14
6.221548120287965052e+06 1.123482099115048250e+15
9.975982651658648625e+06 1.855480992733789500e+15
1.571358067155177332e+07 3.019726121171522500e+15
2.447570695664265379e+07 4.867493202216219000e+15
3.798242515443339199e+07 7.789750380741477000e+15
5.917870506124082953e+07 1.242202273600720600e+16
9.262379297935065627e+07 1.976822580148071600e+16
1.456342032426955402e+08 3.141283391849429200e+16
2.876918355088309454e+03 3.971576279497484131e+11
4.551159377730034976e+03 6.282934055640291748e+11
7.152398549260684376e+03 9.874491745983331299e+11
9.790050885331613244e+03 1.352850272136420410e+12
1.323300237783610828e+04 1.830675385444816895e+12
1.672526751536218580e+04 2.321809675009050293e+12
2.113916142937873155e+04 2.944705658811147461e+12
3.151297726243963916e+04 4.436366516903016602e+12
5.521350655095689581e+04 8.044218099113269531e+12
9.696179441100532131e+04 1.524607980652353125e+13
1.580774477373261179e+05 2.747032554083675391e+13
2.469002219018657051e+05 4.781026345674477344e+13
3.710729779341338435e+05 7.985892575483034375e+13
5.236495206766932970e+05 1.264854970652629219e+14
7.226957140347306849e+05 1.966077902813160312e+14
9.585376197001314722e+05 3.046521790032583125e+14
1.268803775138422847e+06 4.719974098875896875e+14
1.770212301089451183e+06 7.661165229124520000e+14
2.540814892193552107e+06 1.259148591004948000e+15
3.988038966853199061e+06 2.130332491489717500e+15
6.466335052993001416e+06 3.566839675350040500e+15
1.040341931539965235e+07 5.874774211334175000e+15
1.650315699081135914e+07 9.551495850385578000e+15
2.583709488389293849e+07 1.539048035561110400e+16
4.001486403892683238e+07 2.464206758310344400e+16
6.175058849737231433e+07 3.928445553712695200e+16
9.557484514503552020e+07 6.251214853546384000e+16
1.486048643498809934e+08 9.933504029697204800e+16
2.876920272506440597e+03 1.255919911998880371e+12
4.551393423568943035e+03 1.986928747480814697e+12
7.154409114046120521e+03 3.123384894831747559e+12
9.802352328002145441e+03 4.281628171274609375e+12
1.325664144946543274e+04 5.794184511271583984e+12
1.676037452757767096e+04 7.339918410404469727e+12
2.119014498321542851e+04 9.298012889750255859e+12
3.184794035618717317e+04 1.406123238050282227e+13
5.769096307761145727e+04 2.604333939945483984e+13
1.055863213068456971e+05 5.034362303764955469e+13
1.766937104855684447e+05 9.097166737700889062e+13
2.799581010039112880e+05 1.572738148471812500e+14
4.275377916867721360e+05 2.636066876554705938e+14
6.154649976607604185e+05 4.212322871997323750e+14
8.595912577657905640e+05 6.642552773950841250e+14
1.167066035119109321e+06 1.034595962110603375e+15
1.580878135474574286e+06 1.632141578161833750e+15
2.138575670916113537e+06 2.593850638062141500e+15
3.020368851514897309e+06 4.208868567709936000e+15
4.380545071143849753e+06 6.891395021579859000e+15
6.795325229006568901e+06 1.137790111075091600e+16
1.077434386502175033e+07 1.862779777497290800e+16
1.710910438478727266e+07 3.022736095691350400e+16
2.698877528408652171e+07 4.867417192076820800e+16
4.217915951350702345e+07 7.794232244272440000e+16
6.516912516454347223e+07 1.242481833344988320e+17
1.003428623719943613e+08 1.976839113829303040e+17
1.545614470299575925e+08 3.141200927015037440e+17
2.876921375264744711e+03 3.971580198248846680e+12
4.551525278541333137e+03 6.283386744411177734e+12
7.155541304563827907e+03 9.878374672986085938e+12
9.809347819920532856e+03 1.354601569740483594e+13
1.327004707121453976e+04 1.833175109174363672e+13
1.678031436233492059e+04 2.320658470240811328e+13
2.121913724854727843e+04 2.937774852248542188e+13
3.204621552074388092e+04 4.452601829103447656e+13
5.944059447833686136e+04 8.372230400589556250e+13
1.126755284684397921e+05 1.645653755694946562e+14
1.933891302259691001e+05 2.983142768560125000e+14
3.119866419864402851e+05 5.142467379988713125e+14
4.821996117327040993e+05 8.575901163310163750e+14
7.205782042992647039e+05 1.394838016866643750e+15
1.021071696377449320e+06 2.207049832018535000e+15
1.429262946096523898e+06 3.486493730955458000e+15
1.953809904819322284e+06 5.503345645627995000e+15
2.676015265650508925e+06 8.743153342127657000e+15
3.673836822628441732e+06 1.400058345323265800e+16
5.187799594447745942e+06 2.257686018748079200e+16
7.464591913281449117e+06 3.655741411408535200e+16
1.138870251330932789e+07 5.929628395431364800e+16
1.771969932402903959e+07 9.578204834107124800e+16
2.785189486818350106e+07 1.540033807464194880e+17
4.378535696133428812e+07 2.464907503025122560e+17
6.835654124828448892e+07 3.929940745173718400e+17
1.057871609643531144e+08 6.251742829499690240e+17
1.629280519804499447e+08 9.933319837582767360e+17
2.876922003251898332e+03 1.255920622132007227e+13
4.551599502917480095e+03 1.987009376726769922e+13
7.156178479193293242e+03 3.124076204709872266e+13
9.813300252829929377e+03 4.284771919193729688e+13
1.327760876637707770e+04 5.798595336104427344e+13
1.679157897365048120e+04 7.337767452898592188e+13
2.123553490613029498e+04 9.285495550546631250e+13
3.216080642781755523e+04 1.409127909044890625e+14
6.057613960771467828e+04 2.675689817571839375e+14
1.178716088348748890e+05 5.325783741885729375e+14
2.067973568925148284e+05 9.687284024748293750e+14
3.397595805487527396e+05 1.667629485054540500e+15
5.347768386262429412e+05 2.778658952470653000e+15
8.148544992052161833e+05 4.532296441105396000e+15
1.199962028469772544e+06 7.257073572231899000e+15
1.711702730345759541e+06 1.152325598653885600e+16
2.413262824675671756e+06 1.826132762068963600e+16
3.331910232592725195e+06 2.901204851247723600e+16
4.600183513445616700e+06 4.618752443992396000e+16
6.351021730430613272e+06 7.383238657413368000e+16
8.918426878410391510e+06 1.182619129588837920e+17
1.269785323918014392e+07 1.897382791033042880e+17
1.897768271407896653e+07 3.044613267412304000e+17
2.897645439261152595e+07 4.877969342489278720e+17
4.507963055914249271e+07 7.797981533213775360e+17
7.062416716143698990e+07 1.243091645755955456e+18
1.102639798550183475e+08 1.977196771092162048e+18
1.711569876978276670e+08 3.141271425180088832e+18
2.876922358898794755e+03 3.971581474494209375e+13
4.551641266272530629e+03 6.283530252270601562e+13
7.156536942019540220e+03 9.879604802157089062e+13
9.815516168756568732e+03 1.355160976919769688e+14
1.328184347611779413e+04 1.833950758718454062e+14
1.679791274567397704e+04 2.320261479670547812e+14
2.124478225621684760e+04 2.935527744379023750e+14
3.222640196920195740e+04 4.458052871787421250e+14
6.127255413797679648e+04 8.515957825194012500e+14
1.213391532769910700e+05 1.709491216801440750e+15
2.164468445250009245e+05 3.118855348933270500e+15
3.612099288424438564e+05 5.366312266981904000e+15
5.786039294315039879e+05 8.940102573300996000e+15
8.991833503251541406e+05 1.460088283251474600e+16
1.364360902316634776e+06 2.353834733619062800e+16
2.005131558114535175e+06 3.752521120199283200e+16
2.888809184830310289e+06 5.967700941274285600e+16
4.111538981642020401e+06 9.476319991733339200e+16
5.723283392692750320e+06 1.506671560883491200e+17
7.952782131550379097e+06 2.396775566827336000e+17
1.099969011101060733e+07 3.818713550167740800e+17
1.535501205515217222e+07 6.087495916993856000e+17
2.165665050062158704e+07 9.709993961622265600e+17
3.168189667199188098e+07 1.548779800414205184e+18
4.738296095885425806e+07 2.469246065486482944e+18
7.281763020100718737e+07 3.933056151291421696e+18
1.136061597067277431e+08 6.253725234201687040e+18
1.773263449938005507e+08 9.934258708399929344e+18
