3.211610000002001190e+10 3.204000000000068667e+03
5.711513371000000000e+10 5.697632193800000096e+03
2.753550000000000000e+11 1.188327999999999884e+04
1.253744000000000000e+12 3.586800000000000000e+04
2.808499000000000000e+12 8.143450000000000000e+04
4.598762000000000000e+12 1.704821000000000058e+05
5.949100000000000000e+12 3.039090000000000000e+05
8.340990000000000000e+12 5.407070000000000000e+05
2.032319000000000000e+13 1.090773000000000000e+06
5.951969000000000000e+13 2.629771000000000000e+06
9.195780000000000000e+13 5.044100000000000000e+06
1.320762000000000000e+14 9.003590000000000000e+06
2.024301000000000000e+14 1.601750000000000000e+07
3.274414000000000000e+14 2.848801000000000000e+07
5.496880000000000000e+14 5.065970000000000000e+07
9.449000000000000000e+14 9.008710000000000000e+07
1.647691000000000000e+15 1.602000000000000000e+08
2.897464000000000000e+15 2.848801000000000000e+08
5.119890000000000000e+15 5.065970000000000000e+08
9.071990000000000000e+15 9.008710000000000000e+08
1.609991000000000000e+16 1.602000000000000000e+09
3.211610000002001190e+10 1.013190000000021610e+04
5.711513368000000000e+10 1.801747018000000025e+04
2.581790000000000000e+11 3.702751999999999680e+04
1.247971000000000000e+12 1.131041999999999971e+05
2.754318000000000000e+12 2.549410000000000000e+05
4.597288000000000000e+12 5.388830000000000000e+05
5.948900000000000000e+12 9.609920000000000000e+05
8.340890000000000000e+12 1.709841000000000000e+06
2.034608000000000000e+13 3.450460000000000000e+06
5.956482000000000000e+13 8.319420000000000000e+06
9.195920000000000000e+13 1.595100000000000000e+07
1.320762000000000000e+14 2.847181000000000373e+07
2.024301000000000000e+14 5.065180000000000000e+07
3.274414000000000000e+14 9.008710000000000000e+07
5.496880000000000000e+14 1.602000000000000000e+08
9.449000000000000000e+14 2.848801000000000000e+08
1.647691000000000000e+15 5.065970000000000000e+08
2.897464000000000000e+15 9.008710000000000000e+08
5.119890000000000000e+15 1.602000000000000000e+09
9.071990000000000000e+15 2.848801000000000000e+09
1.609991000000000000e+16 5.065970000000000000e+09
3.211610000002001190e+10 3.204000000000068394e+04
5.711513364000000000e+10 5.697632193800000096e+04
2.281160000000000000e+11 1.140562999999999884e+05
1.230284000000000000e+12 3.545740000000000000e+05
2.610916000000000000e+12 7.857380000000000000e+05
4.589923000000000000e+12 1.701821000000000000e+06
5.948060000000000000e+12 3.038380000000000000e+06
8.340550000000000000e+12 5.406690000000000000e+06
2.036641000000000000e+13 1.091439000000000000e+07
5.960624000000000000e+13 2.631771000000000000e+07
9.196000000000000000e+13 5.044160000000000000e+07
1.320764000000000000e+14 9.003560000000000000e+07
2.024292000000000000e+14 1.601750000000000000e+08
3.274414000000000000e+14 2.848801000000000000e+08
5.496880000000000000e+14 5.065970000000000000e+08
9.449000000000000000e+14 9.008710000000000000e+08
1.647691000000000000e+15 1.602000000000000000e+09
2.897464000000000000e+15 2.848801000000000000e+09
5.119890000000000000e+15 5.065970000000000000e+09
9.071990000000000000e+15 9.008710000000000000e+09
1.609991000000000000e+16 1.602000000000000000e+10
3.211610000002001190e+10 1.013190000000021537e+05
5.711513345000000000e+10 1.801747017939999932e+05
1.921969000000000000e+11 3.491954000000000233e+05
1.181465000000000000e+12 1.094268000000000000e+06
2.341305000000000000e+12 2.363880000000000000e+06
4.565654000000000000e+12 5.359560000000000000e+06
5.945250000000000000e+12 9.602830000000000000e+06
8.339440000000000000e+12 1.709461000000000000e+07
2.037999000000000000e+13 3.451710000000000000e+07
5.962962000000000000e+13 8.323590000000000000e+07
9.195950000000000000e+13 1.595070000000000000e+08
1.320757000000000000e+14 2.847151000000000000e+08
2.024288000000000000e+14 5.065149999999999404e+08
3.274418000000000000e+14 9.008710000000000000e+08
5.496880000000000000e+14 1.602000000000000000e+09
9.449000000000000000e+14 2.848801000000000000e+09
1.647691000000000000e+15 5.065970000000000000e+09
2.897464000000000000e+15 9.008710000000000000e+09
5.119890000000000000e+15 1.602000000000000000e+10
9.071990000000000000e+15 2.848801000000000000e+10
1.609991000000000000e+16 5.065970000000000000e+10
3.211610000002001190e+10 3.204000000000068685e+05
5.711513287000000000e+10 5.697632189200000139e+05
1.607269000000000000e+11 1.072356900000000140e+06
1.071575000000000000e+12 3.267720000000000000e+06
2.014594000000000000e+12 7.004620000000000000e+06
4.493521000000000000e+12 1.674221000000000000e+07
5.936400000000000000e+12 3.031310000000000000e+07
8.335970000000000000e+12 5.402870000000000000e+07
2.039248000000000000e+13 1.091209000000000000e+08
5.965147000000000000e+13 2.631870999999999702e+08
9.196180000000000000e+13 5.043610000000000000e+08
1.320753000000000000e+14 9.003160000000000000e+08
2.024278000000000000e+14 1.601720000000000000e+09
3.274425000000000000e+14 2.848801000000000000e+09
5.496890000000000000e+14 5.065970000000000000e+09
9.449010000000000000e+14 9.008710000000000000e+09
1.647691000000000000e+15 1.602000000000000000e+10
2.897464000000000000e+15 2.848801000000000000e+10
5.119890000000000000e+15 5.065970000000000000e+10
9.071990000000000000e+15 9.008710000000000000e+10
1.609991000000000000e+16 1.602000000000000000e+11
3.211610000002001953e+10 1.013190000000021886e+06
5.711513102000000000e+10 1.801747013409999898e+06
1.380822000000000000e+11 3.318342000000000000e+06
8.945910000000000000e+11 9.349220000000000000e+06
1.755484000000000000e+12 2.087820000000000000e+07
4.306057000000000000e+12 5.124580000000000000e+07
5.909460000000000000e+12 9.534470000000000000e+07
8.325050000000000000e+12 1.705651000000000000e+08
2.042908000000000000e+13 3.447630000000000000e+08
5.971937000000000000e+13 8.319690000000000000e+08
9.197390000000000000e+13 1.594500000000000000e+09
1.320738000000000000e+14 2.846751000000000000e+09
2.024252000000000000e+14 5.064860000000000000e+09
3.274185000000000000e+14 9.007880000000000000e+09
5.496900000000000000e+14 1.602000000000000000e+10
9.449020000000000000e+14 2.848801000000000000e+10
1.647692000000000000e+15 5.065970000000000000e+10
2.897465000000000000e+15 9.008710000000000000e+10
5.119890000000000000e+15 1.602000000000000000e+11
9.071990000000000000e+15 2.848801000000000000e+11
1.609991000000000000e+16 5.065970000000000000e+11
3.211610000002001190e+10 3.204000000000068452e+06
5.711522520000000000e+10 5.697632144100000151e+06
1.234986000000000000e+11 1.034504800000000000e+07
6.978560000000000000e+11 2.609362000000000000e+07
1.588641000000000000e+12 6.265290000000000000e+07
3.931456000000000000e+12 1.512393000000000000e+08
5.831490000000000000e+12 2.968000000000000000e+08
8.291520000000000000e+12 5.366040000000000000e+08
2.039379000000000000e+13 1.085422000000000000e+09
5.969930000000000000e+13 2.623481000000000000e+09
9.197440000000000000e+13 5.037720000000000000e+09
1.320520000000000000e+14 8.999160000000000000e+09
2.024057000000000000e+14 1.601430000000000000e+10
3.274032000000000000e+14 2.848381000000000000e+10
5.496910000000000000e+14 5.065970000000000000e+10
9.449020000000000000e+14 9.008710000000000000e+10
1.647693000000000000e+15 1.602000000000000000e+11
2.897465000000000000e+15 2.848801000000000000e+11
5.119890000000000000e+15 5.065970000000000000e+11
9.071990000000000000e+15 9.008710000000000000e+11
1.609991000000000000e+16 1.602000000000000000e+12
3.211610000002000809e+10 1.013190000000021793e+07
5.711540703000000000e+10 1.801746968730000034e+07
1.146611000000000000e+11 3.242924600000000000e+07
5.336280000000000000e+11 7.332640000000000000e+07
1.446703000000000000e+12 1.846481000000000000e+08
3.416084000000000000e+12 4.302910000000000000e+08
5.637840000000000000e+12 9.017320000000000000e+08
8.192610000000000000e+12 1.671491000000000000e+09
2.009285000000000000e+13 3.388660000000000000e+09
5.941138000000000000e+13 8.225900000000000954e+09
9.185680000000000000e+13 1.588640000000000000e+10
1.319557000000000000e+14 2.842761000000000000e+10
2.023351000000000000e+14 5.061980000000000000e+10
3.273526000000000000e+14 9.005770000000000000e+10
5.496180000000000000e+14 1.601770000000000000e+11
9.449020000000000000e+14 2.848801000000000000e+11
1.647694000000000000e+15 5.065970000000000000e+11
2.897466000000000000e+15 9.008710000000000000e+11
5.119890000000000000e+15 1.602000000000000000e+12
9.071990000000000000e+15 2.848801000000000000e+12
1.609991000000000000e+16 5.065970000000000000e+12
3.211610000002001190e+10 3.204000000000068545e+07
5.711575179000000000e+10 5.697631711599999666e+07
1.094794600000000000e+11 1.020216200000000000e+08
4.186850000000000000e+11 2.114924000000000000e+08
1.283080000000000000e+12 5.249830000000000000e+08
2.908960000000000000e+12 1.203808000000000000e+09
5.276600000000000000e+12 2.636310000000000000e+09
7.943670000000000000e+12 5.086390000000000000e+09
1.893346000000000000e+13 1.036102000000000000e+10
5.801092000000000000e+13 2.541291000000000000e+10
9.134280000000000000e+13 4.982180000000000000e+10
1.316389000000000000e+14 8.960180000000000000e+10
2.021117000000000000e+14 1.598580000000000000e+11
3.271893000000000000e+14 2.846271000000000000e+11
5.494980000000000000e+14 5.064040000000000000e+11
9.447520000000000000e+14 9.007210000000000000e+11
1.647699000000000000e+15 1.602000000000000000e+12
2.897458000000000000e+15 2.848801000000000000e+12
5.119890000000000000e+15 5.065970000000000000e+12
9.071990000000000000e+15 9.008710000000000000e+12
1.609991000000000000e+16 1.602000000000000000e+13
3.211610000002000809e+10 1.013190000000021756e+08
5.711619614000000763e+10 1.801746575209999979e+08
1.064977900000000000e+11 3.216600100000000000e+08
3.457780000000000000e+11 6.278459000000000000e+08
1.117180000000000000e+12 1.461804000000000000e+09
2.477190000000000000e+12 3.342640000000000000e+09
4.802240000000000000e+12 7.470420000000000000e+09
7.480410000000000000e+12 1.491897000000000000e+10
1.657065000000000000e+13 3.054600000000000000e+10
5.412750000000000000e+13 7.620590000000000000e+10
8.987080000000000000e+13 1.540890000000000000e+11
1.307048000000000000e+14 2.806311000000000000e+11
2.014258000000000000e+14 5.034270000000000000e+11
3.266800000000000000e+14 8.984910000000000000e+11
5.491180000000000000e+14 1.600210000000000000e+12
9.444690000000000000e+14 2.847441000000000000e+12
1.647364000000000000e+15 5.064920000000000000e+12
2.897204000000000000e+15 9.007900000000000000e+12
5.119890000000000000e+15 1.602000000000000000e+13
9.071990000000000000e+15 2.848801000000000000e+13
1.609991000000000000e+16 5.065970000000000000e+13
3.211610000002000809e+10 3.204000000000068545e+08
5.711633073000000000e+10 5.697628637899999619e+08
1.047988800000000000e+11 1.015441280000000000e+09
3.019572000000000000e+11 1.907508000000000000e+09
9.829930000000000000e+11 4.107701000000000000e+09
2.106283000000000000e+12 9.185200000000000000e+09
4.303480000000000000e+12 2.096560000000000000e+10
6.890630000000000000e+12 4.255890000000000000e+10
1.374617000000000000e+13 8.671670000000000000e+10
4.728530000000000000e+13 2.192701000000000000e+11
8.671120000000000000e+13 4.649240000000000000e+11
1.283290000000000000e+14 8.656910000000000000e+11
1.994669000000000000e+14 1.573120000000000000e+12
3.251384000000000000e+14 2.826181000000000000e+12
5.479410000000000000e+14 5.048660000000000000e+12
9.435810000000000000e+14 8.995590000000000000e+12
1.646700000000000000e+15 1.601010000000000000e+13
2.896703000000000000e+15 2.848051000000000000e+13
5.119310000000000000e+15 5.065390000000000000e+13
9.072000000000000000e+15 9.008710000000000000e+13
1.609991000000000000e+16 1.602000000000000000e+14
3.211610000002000427e+10 1.013190000000021696e+09
5.711590805000000000e+10 1.801744728960000038e+09
1.038374000000000000e+11 3.208014070000000000e+09
2.763860000000000000e+11 5.888219000000000000e+09
8.903180000000000000e+11 1.185807000000000000e+10
1.804380000000000000e+12 2.529241000000000000e+10
3.776250000000000000e+12 5.848250000000000000e+10
6.320180000000000000e+12 1.212730000000000000e+11
1.143480000000000000e+13 2.426140000000000000e+11
3.838690000000000000e+13 6.046820000000000000e+11
8.167150000000000000e+13 1.369850000000000000e+12
1.238100000000000000e+14 2.608331000000000000e+12
1.947494000000000000e+14 4.831160000000000000e+12
3.208600000000000000e+14 8.804560000000000000e+12
5.444290000000000000e+14 1.585550000000000000e+13
9.408430000000000000e+14 2.836061000000000000e+13
1.644614000000000000e+15 5.056270000000000000e+13
2.895135000000000000e+15 9.001370000000000000e+13
5.118140000000000000e+15 1.601450000000000000e+14
9.070670000000000000e+15 2.848381000000000000e+14
1.609992000000000000e+16 5.065970000000000000e+14
3.211610000002001190e+10 3.204000000000068665e+09
5.711537939000000000e+10 5.697620627899999619e+09
1.032933680000000000e+11 1.013904883000000000e+10
2.617051000000000000e+11 1.835890800000000000e+10
8.319050000000000000e+11 3.523624000000000000e+10
1.586553000000000000e+12 7.121920000000000000e+10
3.220630000000000000e+12 1.611840000000000000e+11
5.755580000000000000e+12 3.474520000000000000e+11
9.898750000000000000e+12 6.887750000000000000e+11
2.923840000000000000e+13 1.620911000000000000e+12
7.442450000000000000e+13 3.976810000000000000e+12
1.180114000000000000e+14 7.745790000000000000e+12
1.866377000000000000e+14 1.450090000000000000e+13
3.111932000000000000e+14 2.689571000000000000e+13
5.350210000000000000e+14 4.921000000000000000e+13
9.328160000000000000e+14 8.888760000000000000e+13
1.638236000000000000e+15 1.592590000000000000e+14
2.890226000000000000e+15 2.841601000000000000e+14
5.114420000000000000e+15 5.060510000000000000e+14
9.067870000000000000e+15 9.004590000000000000e+14
1.609683000000000000e+16 1.601690000000000000e+15
3.211610000002001190e+10 1.013190000000021744e+10
5.711474964000000000e+10 1.801742175059999847e+10
1.029877340000000000e+11 3.205272330000000000e+10
2.533537000000000000e+11 5.758596200000000000e+10
7.969079000000000000e+11 1.071343600000000000e+11
1.444468000000000000e+12 2.069536000000000000e+11
2.723914000000000000e+12 4.450310000000000000e+11
5.086340000000000000e+12 9.813980000000000000e+11
8.861080000000000000e+12 1.990074000000000000e+12
2.178920000000000000e+13 4.352350000000000000e+12
6.316030000000000000e+13 1.118998000000000000e+13
1.120643000000000000e+14 2.310111000000000000e+13
1.776547000000000000e+14 4.318360000000000000e+13
2.962637000000000000e+14 8.043880000000000000e+13
5.153770000000000000e+14 1.494800000000000000e+14
9.122660000000000000e+14 2.746381000000000000e+14
1.619950000000000000e+15 4.978690000000000000e+14
2.875375000000000000e+15 8.939150000000000000e+14
5.102880000000000000e+15 1.596640000000000000e+15
9.059090000000000000e+15 2.844731000000000000e+15
1.609018000000000000e+16 5.062890000000000000e+15
3.211610000002001190e+10 3.204000000000068665e+10
5.711430007900000000e+10 5.697614193219999695e+10
1.028150780000000000e+11 1.013416363000000000e+11
2.486265600000000000e+11 1.812610800000000000e+11
7.765200000000000000e+11 3.308750000000000000e+11
1.357508000000000000e+12 6.189170000000000000e+11
2.353419000000000000e+12 1.256733000000000000e+12
4.358120000000000000e+12 2.722039000000000000e+12
7.892820000000000000e+12 5.697230000000000000e+12
1.676996000000000000e+13 1.194535000000000000e+13
4.846900000000000000e+13 2.989950000000000000e+13
1.036769000000000000e+14 6.841000000000000000e+13
1.702848000000000000e+14 1.301644000000000000e+14
2.816882000000000000e+14 2.402651000000000000e+14
4.882050000000000000e+14 4.458950000000000000e+14
8.729930000000000000e+14 8.295190000000000000e+14
1.575660000000000000e+15 1.530350000000000000e+15
2.834063000000000000e+15 2.785661000000000000e+15
5.068450000000000000e+15 5.014690000000000000e+15
9.032010000000000000e+15 8.968840000000000000e+15
1.606952000000000000e+16 1.598960000000000000e+16
3.211610000002001190e+10 1.013190000000021667e+11
5.711401181300000000e+10 1.801740780581000061e+11
1.027179170000000000e+11 3.204402644000000000e+11
2.459586900000000000e+11 5.716967100000000000e+11
7.648265000000000000e+11 1.031952600000000000e+12
1.306214600000000000e+12 1.890735300000000000e+12
2.108800000000000000e+12 3.661289000000000000e+12
3.729121000000000000e+12 7.583710000000000000e+12
6.843440000000000000e+12 1.591941000000000000e+13
1.356435000000000000e+13 3.314400000000000000e+13
3.505790000000000000e+13 7.745980000000000000e+13
8.791630000000000000e+13 1.916911000000000000e+14
1.618985000000000000e+14 3.929890000000000000e+14
2.711680000000000000e+14 7.291310000000000000e+14
4.646620000000000000e+14 1.337080000000000000e+15
8.247460000000000000e+14 2.471941000000000000e+15
1.499047000000000000e+15 4.598440000000000000e+15
2.740341000000000000e+15 8.513840000000000000e+15
4.976100000000000000e+15 1.556680000000000000e+16
8.952600000000000000e+15 2.811161000000000000e+16
1.600606000000000000e+16 5.036360000000000000e+16
3.211610000002001190e+10 3.204000000000068970e+11
5.711383752400000000e+10 5.697611424360000000e+11
1.026632561000000000e+11 1.013261612100000000e+12
2.444556400000000000e+11 1.805184820000000000e+12
7.581780000000000000e+11 3.237501000000000000e+12
1.276587900000000000e+12 5.857477000000000000e+12
1.958329000000000000e+12 1.097061200000000000e+13
3.276174000000000000e+12 2.166075000000000000e+13
5.883480000000000000e+12 4.422760000000000000e+13
1.127767000000000000e+13 9.130540000000000000e+13
2.567910000000000000e+13 2.008058000000000000e+14
6.609040000000000000e+13 4.932700000000000000e+14
1.444901000000000000e+14 1.132969000000000000e+15
2.601468000000000000e+14 2.217301000000000000e+15
4.488660000000000000e+14 4.078630000000000000e+15
7.872600000000000000e+14 7.447230000000000000e+15
1.415650000000000000e+15 1.371270000000000000e+16
2.595044000000000000e+15 2.547621000000000000e+16
4.782740000000000000e+15 4.729920000000000000e+16
8.749120000000000000e+15 8.686760000000000000e+16
1.582432000000000000e+16 1.574510000000000000e+17
3.211610000002000809e+10 1.013190000000021729e+12
5.711373548700000000e+10 1.801740256993000000e+12
1.026325112000000000e+11 3.204127357000000000e+12
2.436092000000000000e+11 5.703738430000000000e+12
7.544156600000000000e+11 1.019161040000000000e+13
1.259678200000000000e+12 1.830331200000000000e+13
1.869360800000000000e+12 3.355774000000000000e+13
2.983830000000000000e+12 6.376779000000000000e+13
5.160962000000000000e+12 1.252605000000000000e+14
9.563990000000000000e+12 2.519129000000000000e+14
1.979872000000000000e+13 5.283010000000000000e+14
4.711220000000000000e+13 1.216573000000000000e+15
1.132804000000000000e+14 2.940500000000000000e+15
2.359744000000000000e+14 6.438180000000000000e+15
4.316000000000000000e+14 1.242390000000000000e+16
7.627110000000000000e+14 2.280381000000000000e+16
1.356778000000000000e+15 4.152050000000000000e+16
2.454748000000000000e+15 7.614730000000000000e+16
4.514770000000000000e+15 1.411280000000000000e+17
8.359600000000000000e+15 2.624171000000000000e+17
1.538377000000000000e+16 4.840090000000000000e+17
3.211610000002000809e+10 3.204000000000068848e+12
5.711367680319999695e+10 5.697610460751000000e+12
1.026152198000000000e+11 1.013212648700000000e+13
2.431322050000000000e+11 1.802830060000000000e+13
7.522923000000000000e+11 3.214631800000000000e+13
1.250076400000000000e+12 5.748616300000000000e+13
1.817913600000000000e+12 1.040446700000000000e+14
2.806365000000000000e+12 1.925771000000000000e+14
4.682183000000000000e+12 3.654688000000000000e+14
8.366350000000000000e+12 7.103310000000000000e+14
1.618617000000000000e+13 1.426205000000000000e+15
3.482410000000000000e+13 3.053380000000000000e+15
8.131100000000000000e+13 7.076290000000000000e+15
1.876890000000000000e+14 1.664291000000000000e+16
3.908310000000000000e+14 3.585600000000000000e+16
7.320080000000000000e+14 6.930840000000000000e+16
1.316954000000000000e+15 1.274324000000000000e+17
2.362976000000000000e+15 2.316951000000000000e+17
4.284720000000000000e+15 4.233710000000000000e+17
7.880770000000000000e+15 7.820970000000000000e+17
1.462091000000000000e+16 1.454490000000000000e+18
3.211610000002000427e+10 1.013190000000021680e+13
5.711364338469999695e+10 1.801740082311500000e+13
1.026054954000000000e+11 3.204040276800000000e+13
2.428641220000000000e+11 5.699548700000000000e+13
7.510963200000000000e+11 1.015082000000000000e+14
1.244662550000000000e+12 1.810826700000000000e+14
1.788526100000000000e+12 3.252739500000000000e+14
2.702226000000000000e+12 5.921534000000000000e+14
4.387203000000000000e+12 1.095958400000000000e+15
7.595459000000000000e+12 2.066122000000000000e+15
1.399437000000000000e+13 3.990901000000000000e+15
2.775988000000000000e+13 8.037920000000000000e+15
5.967670000000000000e+13 1.726675000000000000e+16
1.357443000000000000e+14 3.944520000000000000e+16
3.088090000000000000e+14 9.111840000000000000e+16
6.539520000000000000e+14 1.968401000000000000e+17
1.256526000000000000e+15 3.849220000000000000e+17
2.294504000000000000e+15 7.115010000000000000e+17
4.141280000000000000e+15 1.293760000000000000e+18
7.511830000000000000e+15 2.356931000000000000e+18
1.379061000000000000e+16 4.337660000000000000e+18
3.211610000002001190e+10 3.204000000000068750e+13
5.711362445890000153e+10 5.697610146751000000e+13
1.026000268000000000e+11 1.013197162450000000e+14
2.427143390000000000e+11 1.802084781000000000e+14
7.504229500000000000e+11 3.207365880000000000e+14
1.241605390000000000e+12 5.713785100000000000e+14
1.771856500000000000e+12 1.021884320000000000e+15
2.642259100000000000e+12 1.841898500000000000e+15
4.212674000000000000e+12 3.353881000000000000e+15
7.126501000000000000e+12 6.182982000000000000e+15
1.269279000000000000e+13 1.158950000000000000e+16
2.382041000000000000e+13 2.230651000000000000e+16
4.742070000000000000e+13 4.479800000000000000e+16
1.004978000000000000e+14 9.523690000000000000e+16
2.241310000000000000e+14 2.135810000000000000e+17
5.075290000000000000e+14 4.881860000000000000e+17
1.097147000000000000e+15 1.066703000000000000e+18
2.166376000000000000e+15 2.126191000000000000e+18
4.014820000000000000e+15 3.966760000000000000e+18
7.283630000000000000e+15 7.226390000000000000e+18
1.320891000000000000e+16 1.313699000000000000e+19
